-74553
-4890
-53015
-58807
30117
85134
-60308
-73842
72062
-83244
66937
-44443
-63615
-3976
41221
-53922
76995
35963
66504
54424
49205
68026
59885
-78491
74868
34820
-83826
-97950
-19474
24298
-67833
10565
67853
91009
89870
6279
-98260
-33
-29059
40929
70581
28045
-75590
29129
-91111
52548
-79400
-82647
7803
18062
-66941
-32113
-32231
91601
60638
-62913
-34939
43635
92249
-44524
-21618
37397
62136
76883
-35288
-34355
92174
67055
49405
-59009
-21273
86963
90828
-26040
-65672
-21348
-34288
-48347
94732
61194
53029
76125
2974
-95566
-82770
-29639
-53319
7730
76045
-27886
-5596
-50148
20632
97628
26219
-57334
9631
-23711
17847
-48486
-36595
22120
-85503
-80309
-36947
-81290
-84693
-14972
-67722
-35754
69267
-23662
4983
6675
-53077
-72095
-46729
59971
-55229
-45757
98224
-24955
-41168
95548
5661
-79820
-30629
83114
84444
12644
79950
-69107
85423
45017
-75190
-76597
-30907
-81387
-34645
33603
33732
-8271
10970
-66055
95544
-58079
-92499
-48760
-73818
-93000
-15003
-15118
-2887
49619
16956
-82300
61352
-51414
99791
-94849
98961
-62962
67559
56691
53239
48455
75480
99195
59444
8895
-49928
80265
28558
-17267
-61992
62790
36171
-72171
-63770
-19006
34800
-95723
-79848
29175
-36158
64781
90412
-73007
12777
68610
53135
15262
-32687
-29224
34170
44299
-97222
48736
-62232
-5347
11269
56740
23515
-33486
-1016
23751
25083
-48467
9224
-56971
7317
-66269
7171
78557
18343
93016
-55211
-43976
20646
-10580
12813
-54620
72955
61254
-91072
-98083
-35069
-64889
-22112
-64684
20013
-31184
79419
-9827
-93309
-51443
46339
-14662
75390
91693
88996
-44101
-1298
-70599
69093
6560
58242
-21563
-63869
-87410
71703
-55537
52148
-10759
14899
-63239
-50040
66906
61143
-14788
35930
-49382
-64098
-64455
-11857
-94570
-67237
43725
-51708
-97837
-92748
30757
66565
-20295
27788
73110
42242
-85522
54303
83282
-19081
46354
-96720
-7891
82311
-86931
88479
-28704
-40120
-12152
66448
-60780
-87162
80493
-74460
-65625
-62875
-12983
89365
-34152
3473
-80276
29724
46740
67215
91980
-35332
19157
-66946
-20158
45436
-50052
-40889
10087
-45161
-92268
-43113
73013
-88167
77107
22820
18265
-83577
-32657
38688
-23695
47829
-73918
8510
65854
95327
80289
-94446
-6560
-51696
-73275
-50340
-91945
36579
19741
15379
-83367
12504
-50230
-74666
27194
97983
-22756
14909
-50382
-8689
13677
42456
-90433
91978
-34814
69706
-8606
7811
-44590
-18666
98307
-81544
-63697
73619
-18083
-44367
26212
-91308
6336
61492
-44989
30388
-34641
-5630
44288
59539
-57079
87956
-14690
-40356
72141
-86275
-85828
65390
-22280
-18632
39679
79864
-91825
-59192
96935
-36327
61307
-74329
-24422
-18631
19495
46081
-70564
-7011
20495
35844
-3662
-37408
94342
58989
-32445
-18219
13577
-80079
80263
90039
55495
-84560
73198
70885
-37621
-30728
-53602
85363
-33003
18065
15213
51165
-63248
18148
35290
89075
-71754
56337
63890
34433
-45151
-21942
-62643
94532
-83206
31346
-65363
-91402
34637
37067
78303
-17853
50459
99041
-15201
49003
-56074
-12023
99938
87889
-98534
-6394
6365
66761
94224
-93191
82348
18937
-61984
13371
-46271
-80050
92189
25219
33548
-79793
-1402
-50172
-39827
-22885
-1359
-17754
-38245
2126
-15594
64716
70931
-71237
12302
63392
74544
-5064
-68247
-25855
55574
-21071
-36039
39970
35097
-36940
-35064
-50703
5898
-28915
41901
-17013
55043
14626
-88399
-75846
47312
-89554
-19789
12181
-32667
-38913
-1264
-15007
-30916
-2944
49143
-27265
7456
91055
-80356
-23388
-87537
-52414
25708
-6491
32181
-7252
-47454
49263
-75972
63256
69082
-94166
31058
29187
20632
-96406
30907
8349
28271
60808
55481
-64310
-87422
-49366
-59582
-51905
10436
74838
-82921
-2784
-75993
-33280
55031
-95376
74375
-12329
93119
82343
95934
-53517
-21115
-39690
93189
28555
-99336
-51738
-49126
30158
-75344
58534
-37656
-86994
80696
-20679
-80227
49267
-42576
80559
79436
-72710
-74100
-16971
58068
99318
95160
-78710
88712
79661
-59506
-52548
-24618
91489
-80079
49118
15340
21734
-89630
47272
61731
47941
72757
-32081
-37357
13517
44374
8897
13362
5533
-20332
83989
24031
-71115
87740
37463
-63400
-71996
-10001
43203
31856
-77787
-20318
-92729
-94444
-36567
7999
25672
-20840
-92029
36149
-33386
-75398
-79658
-86827
66998
-28693
54340
99183
-98658
29785
-7324
-15572
56509
-63462
87156
42618
66343
14667
23218
12527
-72900
79946
19720
-17958
-83238
84999
-22939
35004
-67811
73478
-29214
86998
-47710
34711
22326
-5605
31676
54438
-55711
-23719
47087
-23745
-46980
20901
-47704
-54528
58736
-3507
-88404
94026
94428
4168
58620
42704
13484
-24423
-10355
59196
-41764
-73404
1442
80453
58368
-91005
7385
-686
-88832
-51796
88068
-10078
-90658
-92057
26891
-89042
-40639
-30268
26187
17144
41450
-24914
34225
57842
-52761
19281
91372
8680
22507
99702
-34028
-44699
78030
-63264
88409
19592
47199
50870
14498
-21873
-96710
-64675
6610
1581
-85867
-63625
61902
-93664
22046
7554
80633
-47596
41514
99854
-17778
55831
-23609
-22297
-34186
97439
26202
-80489
60179
-3993
-89501
-25919
-8187
-10905
-97007
-76686
-67870
21583
58577
-99323
-72157
-70611
-46749
-39146
-7918
83623
83058
-43928
-77597
-61196
35972
-44663
90742
38036
-3835
-79035
8467
-981
-87723
-55200
-59239
-23267
-30397
81448
-65037
88646
-26859
57109
97158
5657
-41926
-87367
91760
6551
2593
-65314
30602
-67408
-40501
-16525
-77981
17391
-63924
-38935
-11741
89991
48518
93707
90890
96010
69929
-18254
-6743
18686
27711
-53446
-67441
-79015
90204
-69474
43719
29406
70774
-95952
-29475
67405
33221
-96225
63984
-33120
-55269
49554
-14013
18747
-17908
55201
-51989
-8691
52547
-24681
-87607
33477
-6875
-60270
80139
-69835
-96351
-35777
-17472
-2457
-45581
77410
-79957
-86770
23638
-3425
54363
37884
-46174
-49359
93729
99660
37073
-24117
8924
-88605
1505
-11215
-1654
-27861
17745
91125
-6484
-23744
-52066
-9497
53037
61812
14600
-75905
76547
94876
14449
-42415
-51021
-90374
-34878
-70092
-44751
-94603
-20777
-31125
65510
6599
20598
-43034
31314
90539
-46866
-22077
-79413
9751
35874
71714
94750
-90024
34793
-20581
42967
-47780
-1920
-14477
81338
17993
-25922
69014
25823
5882
-92376
-18198
10470
-46484
-75214
42530
-49980
45466
68689
-30845
-48423
-82584
12190
18338
-79918
-22226
5203
-10707
-48812
45704
81175
-98617
69426
99142
-26810
-63749
-6335
78232
-87531
-8998
-3916
-97194
48328
14590
-65717
68713
-30910
-10724
73202
62977
-70333
4500
-5830
29609
-94331
-59442
81140
54912
65520
99518
-1178
14677
-58222
98492
-71962
66083
99440
-49001
-24498
31049
88100
73821
86859
43421
-24299
52052
22752
-88123
-96482
-49209
-9674
-59465
-38861
30131
-10787
87607
1969
-29880
-78736
64151
-27367
-60948
31387
20722
12904
-97684
-42111
-1970
31234
69966
-42729
47379
-27727
-56537
29969
-33256
-86850
-37542
56620
-52407
10854
-40986
45514
25583
95523
-24340
77686
-28168
-1642
77951
-77273
84568
66650
77079
-47794
-78582
28298
-16324
-59163
93494
-39365
40081
90952
-90498
64946
-16285
73735
-63413
-78672
69404
13093
44998
97887
95567
85908
98022
-95565
77127
1807
-18363
-16814
74594
-83853
83362
-83639
-19264
89614
-86928
-85534
-37574
85093
-95349
41001
6069
-976
-97346
19913
40074
45930
6702
2714
58834
72650
13338
-21323
7824
-83778
-54900
19185
-48277
74164
-72838
-27280
-35364
97459
-47265
23941
-98536
73676
82394
80022
-75452
37419
-49099
-654
29278
-56664
-50256
36422
58553
-40799
62349
36498
97559
-52346
-31226
-49903
53040
-24447
76350
-19935
34195
-47014
-99749
-74823
-33807
-73622
-31913
-35688
-16473
-50686
-54756
-42404
31507
34977
70933
8592
-47032
-71318
61122
2695
-67828
-74914
56829
37294
-83931
87795
93611
78886
-72958
-82036
90350
7276
-71075
-66663
-50993
78082
-84256
5122
28900
-75416
19275
-53535
-36489
-15569
44416
-34548
20933
56634
-74972
48181
77515
-76981
-25073
71306
35351
49613
-43282
45687
88914
-34226
-94071
-96525
37954
64601
-93932
-22050
-39843
-76874
-937
-59796
-84372
-49728
-47866
65842
12571
7597
-46854
68789
-61723
29768
79781
-69206
63036
61538
33529
-51054
-90211
-22983
-58482
2807
95877
-30740
-14142
23274
56680
72600
97584
33074
6747
99419
-6890
-78651
2413
-59637
-57329
19379
29491
-95407
-62784
-32614
4679
88631
39895
-50535
74997
-20109
4646
-91964
-75437
-43853
84681
-46904
-82843
92740
-34219
58471
-34748
62838
-66631
-76820
-2567
32434
1782
29965
45935
92704
-93113
20547
-80755
30562
10468
-6286
-82245
43350
22871
-21461
26405
-63064
12019
-4539
-67396
-1076
-71502
27889
-73996
-16531
-30555
-7806
41549
16356
-7444
88909
-94743
38877
-12694
-80763
25399
-7906
39776
-76304
-47224
-53587
65467
-46895
-43389
48138
-97021
-34412
69572
-55692
-38203
-75728
92389
-81715
-33811
-87708
-82469
-76314
-91963
-7454
59933
10817
61496
-45059
-86410
-45591
-25388
-8187
10972
-84285
12036
-2592
97200
-60455
90418
-29473
71246
-72088
-20850
11727
24476
52221
-5019
72111
87184
36164
-81006
-2083
75240
-66003
17733
14647
91256
15825
69266
-21066
-66683
75328
-13606
-93794
44896
-98060
-14928
95052
-52278
92382
35505
86054
-66735
12767
-34260
59035
87631
26969
-18285
-10396
-28216
-13150
-37986
-98736
18525
-68340
12996
38198
-64503
84379
-60690
-1898
30911
-39420
6861
40058
-31332
-20953
82373
3103
-67789
72570
69416
-15277
67939
23601
23153
7133
-92454
-10949
-97465
17311
95679
-35686
-6791
53204
21774
52093
-59815
57798
14586
86405
-4914
-89142
8016
-92506
4948
-86491
81589
78919
73954
53574
44086
53824
49486
50536
-13623
51200
-86256
-32168
-6344
78329
-1756
91428
-83162
-24809
83395
-67914
-23524
60415
99551
-73911
-14731
53186
-88953
93538
-49964
71947
-82174
-73916
-59989
-11000
84201
-32742
-63249
-252
-73419
-23995
81954
2175
-14904
86844
74540
72485
52830
-61901
-22534
58786
-35051
-81711
-32977
87716
34440
9513
69758
15525
43031
-76789
53631
47010
-15637
-58424
76195
59860
-30889
-48848
15350
-31462
-45182
-60088
-72187
99615
-83491
-49929
-26660
-7977
7287
-81898
-54312
62268
21293
86355
-89929
61692
-66528
-71815
89374
-57456
15482
10782
3047
-48091
18910
60223
-28111
-49537
-61186
48961
27191
5311
-80028
-25020
-18939
-69441
-61847
-33101
-40406
-7008
45656
-11012
1559
35807
43541
-25124
86648
-76991
-17458
93327
-6810
74315
34808
-52321
36778
86767
44294
28162
50555
-23311
-5196
5247
-20852
-64042
85414
-53552
44690
-14255
-81737
-59730
47164
83773
5759
85152
-50753
-77603
11948
-16659
-13365
83741
-52379
-61042
11944
-44516
14249
-72030
-87029
-33122
34741
74443
75531
72015
-80070
50906
31164
-71138
-72083
64802
-95001
48242
10623
-80523
-36075
-37897
72746
28659
-95855
-76089
14457
37296
-2426
-26866
70731
62086
-15689
-64759
97739
-31304
64079
24687
-92346
92265
-4051
-50870
16302
53189
92713
30515
-25587
48525
1992
91972
-77910
-78175
-42109
55688
-8345
-65614
-77150
-49451
65948
-99496
94238
-72681
30291
-34894
58050
-36252
-63626
88347
54951
99248
-19768
-89574
-46890
32856
46111
-15066
-77871
98160
64323
97645
35321
-1043
3919
-83070
64488
-81882
71760
59081
-65658
-50996
-77615
65450
-11629
-16291
36216
-16842
-12015
-72705
32061
99741
-49809
-2155
19641
-39065
-60534
-50941
10932
-56745
-95618
67932
-54202
69555
-31089
61333
-70693
-57413
38730
63252
-98763
-67077
-48576
28346
583
-34763
-2765
77227
-30870
-5527
57531
85082
27290
-61922
76705
-17758
7208
-42785
-96156
-41184
4023
42400
90642
-52747
39799
-21169
-79406
6847
-7091
-86824
-15356
11282
-12230
72560
-2945
-79588
91384
-41471
-6663
59882
98962
-97164
77661
22867
-47861
-78622
97553
46037
-37770
-65452
96002
-96909
-11885
-62664
-8909
19555
84539
-28465
40891
-19435
23932
-11402
58907
-8631
41866
-74463
76795
84474
-69660
-73411
2308
30819
-21800
17391
-22197
-64206
-79961
-20686
35759
47643
-10432
18892
62752
-22401
15000
92015
-65397
85927
11877
-12844
53103
74627
-47814
74951
7378
-46142
-58169
73907
-36639
62300
16135
96349
84770
30841
12121
41941
-55646
66674
-50937
10330
-49752
-67003
-10194
48314
-1741
-34437
-39644
86669
-98146
22972
-20103
77755
-66609
-49434
3583
14379
26459
4770
-61949
25916
43372
95636
34310
-59589
51657
63469
-84172
7967
61606
-21357
-87452
61997
-67079
-81923
-51121
-70905
-90575
31275
82962
68628
38426
-26641
83140
-32336
65106
-49928
-59192
70193
37052
-51689
73419
61830
-49995
-23365
-64350
10095
-30470
-12515
-52526
-16971
47770
51506
41437
-71035
-93098
15833
33551
-14515
-69479
95211
-97965
-49506
50537
-85668
16597
-41962
-41297
94566
-13474
75002
77319
-3527
-17334
-10950
43522
58394
96480
-48414
22177
43162
14517
-48554
-33786
-40766
-43041
-27930
-55886
70873
-4990
41776
-15337
-65659
-51803
1192
-51087
77407
-89284
23193
-24361
40161
-12645
61332
-19411
-99365
-66256
-85188
-98896
-70446
94206
-15137
90497
-38985
92154
-40320
-37697
30349
-51136
-10173
-80895
-82008
-85127
-81993
-44681
-60561
7525
-58982
5290
19323
-14829
-51327
34438
55462
52515
70532
90921
8980
-19252
-14556
70608
88776
15239
53608
-8637
95269
95564
-23196
9460
-48398
-44195
-73929
-1093
-66984
-4618
-15191
84727
-39290
87536
13566
19458
-66161
-82487
-57430
99752
74511
18338
-58503
33847
-74954
-38964
46695
-16714
-76675
-34386
-5952
21145
40235
-14641
-39227
-37789
-80334
60702
-51938
-57934
52896
-53764
37487
11946
33764
92020
-37184
3886
-73522
4924
-721
9488
81482
-55857
58786
60155
-50116
88190
18583
-35262
7390
24537
82987
56395
22685
-60924
-79181
86448
50426
-49681
-42197
15079
-70211
975
79888
-21667
84884
76841
30849
41037
-76295
-81156
-2384
-65933
26024
5723
40185
61957
1296
77523
84819
-92226
-71838
-15284
39289
91849
96498
44046
-74774
69697
-93009
59725
61976
-46687
76351
19336
-5970
47622
12839
77013
-20914
-20113
9258
-68269
32558
84152
-27858
-75877
79740
-95114
17142
-49502
34001
36469
30593
-90111
-8867
40813
79417
71901
-63597
-98004
-95491
43071
1458
49851
-20220
-83433
-82223
86638
-10999
-95822
-23145
-29975
-76568
-58453
-7885
-17913
43694
26692
57052
80576
58727
2220
-64214
13550
71329
14091
-75149
32549
56557
55567
63094
42408
89245
-81129
39086
-12609
-74162
-47281
-9548
-41611
-90546
-18782
33460
-53264
75657
-72436
-46931
9369
71639
-57210
63183
-27098
-64118
94123
3518
-2774
-63149
-91191
48685
-28973
-10403
7341
76212
-39970
-58191
-1794
-2711
-86421
-77277
-65139
31251
94640
90996
-99014
-44915
-41867
-18166
77480
-38246
12595
85097
-67606
-35935
4916
-34602
-152
17044
-59742
-72675
40229
-27778
-56893
-36098
92498
-59848
-64500
-50911
-45623
64570
34324
-51528
21959
-88635
56424
-51105
66494
72805
-94183
62049
64169
2131
97721
49132
48291
-39148
84105
47560
-47837
49557
-99080
-7876
50867
23266
-48704
53409
-79884
-45399
-49468
-47101
86537
-61225
16799
-80439
-4349
-53036
-65201
-82082
-30926
-41398
93757
-37745
42114
88738
-69737
-90862
-28114
43111
-53183
-92896
72076
-74363
-12130
80401
-45124
45148
74956
18545
47930
18565
-90575
29270
-92460
38703
-35672
-69363
-99128
-15769
43603
-17511
75908
56841
53285
43428
-79521
-76186
29878
-15764
-50140
9090
-11012
-55827
94566
65215
-97301
77701
19521
89033
18982
47424
-65723
-31002
45543
97478
-99863
12025
55849
11283
31899
25133
672
-19443
-54474
24788
1278
25022
36585
78093
-1492
7507
-40098
30794
-21685
-4909
14102
16356
-65609
-31845
-82747
39679
36868
-47051
95904
-57802
-9954
98157
66571
39535
-88212
2359
71363
63019
54918
-95046
-56310
56483
84413
56199
-72468
99804
-80815
-84361
97249
-689
26695
-58504
-44162
97515
39891
-56223
656
-85994
45608
-13961
-95779
25679
-40770
-279
-24353
-79456
54817
-99443
-50351
-38360
176
32363
94058
-41261
9412
-49625
-15457
26280
-45519
94682
55463
-7733
-95742
-33808
-32012
-96436
28355
-73035
-42181
13368
-83682
28106
67948
-41753
12765
74196
-24710
87685
79412
-68687
32119
-28383
28419
-96344
42891
65834
56888
-68896
-67713
-94459
-70759
-65156
-37443
-18790
-25933
41752
-57642
83039
-34373
18496
-65552
-19093
65314
83692
56522
-14608
-12316
-55019
55052
-15572
74621
97316
49261
-30422
22426
12161
-45094
56406
82597
28370
66356
-76358
20520
-49026
42121
50131
3784
-16075
3727
26067
13786
-13201
20142
40661
34728
82008
-62024
-76953
56178
-74470
-74202
46075
-45461
39346
-42023
3989
75593
-73706
-35719
75753
33667
-47398
93903
-82436
25568
1243
81992
-96116
5826
-48781
-93832
94843
11388
65938
69982
30351
-44539
-93482
-99984
48519
-37942
41749
19966
-80064
-35733
46533
-85785
54266
-64831
90772
-55562
-8258
12370
54932
37634
-73172
15665
-96031
-35440
-32710
-58533
28398
98216
-22650
-50152
-32264
67352
-92070
-25975
-10123
-35435
90449
-73820
-70961
-34660
-63420
59199
69294
-1918
53572
57086
28587
-62268
-52229
54386
69967
-16753
26887
23941
43805
-22652
79767
-65741
-56901
-81962
-16026
59658
-61092
50383
-72611
67306
11911
48386
5080
-61774
-88062
-19799
95121
86281
75564
80394
11740
-35163
59754
26137
-24825
47526
-52614
-78992
71429
90220
39912
-20940
70674
78440
-69304
-75435
-1914
11268
45890
-65524
92332
92791
-16602
3655
-56010
91775
-79095
44374
30447
31275
91109
-91882
-44715
34937
93356
-59535
-10646
-76008
97509
-17891
-27395
14837
-86855
-43514
-53108
-40123
71508
-22871
-75172
4515
57052
39392
-43353
48816
14285
-9121
22805
4595
-98221
-51947
-66103
94954
-7161
-52568
-9710
57585
-8790
-68581
-81451
-5104
59411
-25584
-20757
82475
-49096
79479
-85068
-9903
11903
62470
-46633
6005
79242
72739
49295
4689
34707
-59259
27145
7937
-51063
-55978
65106
-77251
-46629
51454
-72067
25935
35009
7917
50958
-74571
80870
-92768
-38592
-17906
30040
14271
8363
-1206
-14328
-71697
38903
57770
-69116
-76413
79138
-76136
-24770
-34213
24077
49300
79996
53880
25869
84455
-43434
-52088
54285
76861
-67058
73035
-48008
-12865
-71527
6789
32767
-21408
41962
29683
23285
92729
-24406
-32756
60378
-10709
-76432
-80805
92719
86302
80925
-9265
-72449
-23750
2444
-33549
-5160
-56591
-52524
73321
22470
83770
66679
-79727
91022
76528
60962
-36519
75222
96392
-85021
-94696
99558
-90708
96606
-23510
81586
-40611
-60995
-67925
56433
-86518
-75976
-15928
-3296
29247
-24367
47618
-67355
74284
48639
-62084
-63724
33606
-50241
37304
-78883
-7325
-97204
-94653
-40678
60935
-65013
64233
-43574
-93
55112
-75266
40602
-75599
2740
15082
-37904
-32621
-382
-70693
-63099
91438
76051
64424
75477
-24670
23298
22980
63331
-49340
-61452
-79620
57962
-36882
52325
-18791
-33413
80283
-14387
-9197
55958
-40095
64709
62559
80952
-67838
65157
38768
63351
-40688
14345
-7068
69502
20664
24310
98930
-34038
-74241
-27501
26157
-5970
39363
49233
-19728
47366
-7969
72007
35159
-68833
-80584
50559
-99568
-2086
-52489
87992
27223
-5185
87598
-23202
90770
-89119
50794
-24663
-36671
38871
65975
-19701
-37610
98673
-259
-45782
38449
-80281
85095
68614
27192
62154
-8113
-47767
-48637
-87951
83887
-78207
-75547
-27575
-17263
-88361
-31107
-89497
52132
66333
86375
5970
-73686
-64182
-19233
11772
-10664
-29657
-92320
84420
-86272
-79016
-34418
-79664
11058
82420
94261
-18450
-67099
66531
37416
-80827
-57020
-82077
-45491
32456
-47294
41510
-49826
35728
-66144
81693
-48622
-25573
12502
17408
10427
-1572
-33613
-70195
-52938
-24004
-92696
16929
14187
-9238
31773
66112
-42603
20434
86192
22895
81891
96344
-1465
-6527
-53647
48609
49650
72382
-54906
-70321
34506
-46305
-79277
28050
99623
-40107
-76276
-96338
54240
-63527
-90507
-75379
-95910
17718
-26210
-28398
-98089
-6120
-42006
-3502
-83013
-9898
56199
86827
89706
69457
74515
61071
-24275
27511
15818
44669
-16976
45947
-8855
-90950
-12200
45358
-73006
85287
61769
-30090
-25279
-13095
1005
-26776
23628
94278
-9437
45940
-31130
-33712
-93486
20690
75102
-70633
-7937
-47971
49940
-15916
59626
34978
34449
64396
-27894
87548
75454
66402
81297
56017
33855
-53580
41218
-23911
27121
-56263
74711
89221
97752
2700
-15110
11371
57221
-26508
-13291
-82965
87032
-40479
-97070
-49997
-38774
-73698
-84477
-42485
-38734
9855
-35689
-40668
57956
-92707
72623
-24982
2325
17336
41987
75942
52841
74552
67497
91000
-77781
56273
51866
1117
-18051
-49890
52798
51851
-91110
-16565
43387
2188
-63183
-27676
-22918
-95157
68827
25083
-6999
46
58410
-62571
-71940
-2792
7661
-53213
72232
-18529
24340
-46113
94334
24119
-37081
12273
-2934
-47146
73889
96466
-28635
-48169
-19525
-36181
67815
38288
79305
-15822
-27128
-97723
56955
-54926
-53213
64203
38554
-96571
-39092
-2612
-42564
-81387
27696
52597
-28581
-68139
8094
49900
-46459
-40602
-47277
-82438
-12067
46504
50704
14366
-69574
-29119
3661
-5059
96116
46320
-91854
-33340
-61166
11828
-55343
-89542
-70862
-62544
75077
-18428
-90694
59237
-11846
63680
-99508
72936
20531
65651
-23127
-95146
94037
88017
64762
-85474
178
86080
30017
-34560
18131
-37928
62880
-49629
-86562
-85622
89065
-33340
-5887
83542
-40508
90955
63165
22800
-28643
-84942
-3423
-8542
-63641
-26916
78971
24859
-64305
59250
-24072
11879
-66699
-7562
56432
90738
-86104
37565
-45134
-11064
80381
68143
77261
-65340
-43145
3668
-54238
-26880
48178
-89407
-37175
-35424
40253
-87396
90747
-94885
-80471
-3979
-17573
-47026
54349
-21295
54923
-94193
-93204
-35599
74182
71556
-8756
40038
1219
20925
-80274
-82850
72200
-65737
77605
-1597
19586
-70415
-13213
7355
-38749
-64858
34570
51901
2183
-82159
-98636
-73109
-67785
68160
-79289
44436
-44068
-75861
-97285
18447
-18008
-39313
-98422
63642
-37120
-6775
71354
-10855
-68609
-97837
-1854
-34896
54947
7213
70713
13577
-23343
89695
-31916
-68747
38594
-24558
-93299
94858
-49021
49155
85614
-12432
82250
-64418
47172
55759
-15153
-75158
84151
-27480
-42723
-32799
-65885
47342
-4617
48931
79905
87671
91754
-60052
34970
-16293
11817
-32328
45160
-16370
-34948
-68906
93037
-79536
84061
-23901
7585
13970
60699
-36286
69186
98711
-78361
-57123
17035
-80107
85540
-393
22101
82207
89804
-86921
-28378
-60947
-27772
11562
29809
-40951
-12057
-23919
-28327
-22940
56474
70339
-64922
9773
82553
-94828
2326
47688
12242
88881
26871
9809
-33385
18593
60695
-29288
2931
-38186
-92280
41450
82901
-61393
96476
62005
48366
86645
-76114
46788
35091
43363
-80463
75930
-15189
32280
-96177
-21782
-10527
17071
82876
-84299
-8316
99876
26563
-1956
73987
3752
69278
94287
-23998
77094
-75167
-41231
76413
-17855
-49306
60053
-78542
-93226
13115
-81221
93321
-19699
-28860
-1904
-78874
12954
-28683
44764
-75670
84871
68126
-60580
-11273
-48665
-53927
4745
18098
-77496
67332
18083
91749
-97228
68132
69984
95465
43504
-13260
-29366
-56492
-15642
-12114
1623
5495
-24827
-61444
-76535
12691
54359
26886
-64096
-45825
36137
-56947
2388
-69267
-65422
-67697
-16978
39079
80784
33393
-16826
-609
-31467
-13915
-76304
-38223
-69773
39826
62134
62741
-40280
-19503
22125
79686
-98029
-13879
-57493
20399
4222
-89154
43908
-66345
25290
67810
8307
-88735
-16900
14195
-56410
-1232
44723
-49710
-71616
68467
96737
14771
41327
64956
42597
-20172
62969
-47862
-18136
-1041
17396
30978
48158
88831
-90156
91311
-54973
-42189
-54311
10834
17283
-68694
-9585
75667
-48260
76037
-71093
24768
15754
43997
-76968
63088
-16575
-17149
72352
-16043
-16164
-63898
17791
1077
17630
6367
42610
3450
-54421
-30820
81735
72597
-78380
-33540
44149
-40020
-73676
-74938
-77041
-78846
-84016
65548
-1054
7732
-49201
9629
-70666
-26949
66339
11001
-37529
-8559
-34004
-7639
16930
-21604
75727
-53419
-71055
-95810
-47242
-38253
50383
2527
-25656
-16646
4490
-47731
-34329
-87937
96154
58769
-50758
-70822
46637
9505
28205
84097
-61945
61232
48679
-7969
23581
42926
-39466
55053
-58889
56109
46523
36779
2641
-52050
-64354
-64840
-35848
-51160
-23565
43251
-56208
32553
4637
-98302
-53102
19114
71355
-99343
30846
-91356
23889
73630
-42725
-56674
53298
-32481
-98589
90095
-8276
-82843
47198
78058
85518
99361
-42751
70811
-12183
50825
-65898
-47383
57547
-59180
-82208
31653
67655
83821
-4076
58029
19600
59722
-23010
-41150
56800
49765
-23424
41248
17306
-43227
20328
36513
-52017
-75929
-44483
36274
43929
-68278
52078
21724
-78348
67475
-41812
27818
-38214
-54746
-82824
2408
83596
-36260
32231
-41509
-93353
32510
-43355
-98113
-97546
71536
-9783
-16464
98119
76418
1919
5012
41199
-16673
-47990
94267
-55921
75329
-92340
53146
-56260
-19567
-44911
6155
-13427
35156
-67063
-30455
-95589
-22523
-91611
-88262
7674
-4515
-1315
-16613
-78976
91914
-57439
38444
37327
98034
12373
-67906
-90575
-87938
54972
-33441
56509
-62767
19522
-5310
10597
-22631
75145
-580
28248
86877
-16613
88344
13725
50518
-40334
29440
35025
-22082
-7533
53027
-23581
-79378
-54192
64927
59430
84289
-60771
98279
98079
-78130
86038
54510
-610
37954
-42792
94230
-35338
33843
-34467
-4664
-83275
20421
-45008
60591
-31792
-10695
-13381
-31173
-64381
11721
-60077
66912
-69172
46437
16506
-56342
-95901
28470
57084
-59491
83826
-43355
-93536
31404
71509
-7613
-65576
-26842
94679
-32742
-90893
3145
-35362
-87443
61655
-28563
-48231
-29799
-31952
61917
-10899
57056
-4954
-78072
-41529
-67546
-84050
22979
42455
4293
20139
35983
-1785
36120
-92807
21267
13002
-9828
-58723
60730
-48075
-99916
54244
-41860
17367
-21569
-41170
-42220
-50951
24677
7699
-69728
-88079
-71737
-42155
43952
20348
-58330
23
-32310
40127
18914
75968
14233
80434
-22378
10531
42968
81211
-23761
68842
54753
-70611
-96625
-26993
58974
88931
-15264
82270
63000
68773
-11047
11697
-6920
-92326
-52026
70317
-46544
82694
69247
-60478
-49874
-74328
50161
-19224
-33801
63608
6487
-36571
23197
-11061
78128
-22703
-51827
17307
-22700
45506
29040
21285
30059
-63956
88820
80857
-22189
91999
-8822
42517
26507
1326
23391
-33193
-18845
-54560
50480
-88125
-7046
-74158
91629
-25405
-83253
40645
-2600
6413
-35161
92576
-7214
26961
98961
-43610
44761
-74847
-2573
63716
-37035
-81870
-90077
71802
-45816
-36350
43771
96003
-6769
97033
21686
-14403
-57970
73040
-8046
-35988
-59189
41339
-69249
-99190
94770
-6091
-23569
37744
69800
78643
-21486
-68645
-84533
98304
-23968
-49275
-51624
51166
78829
96017
95251
-7291
14098
-40420
-9598
-55781
-87843
-83625
87035
-86472
-24372
80629
63486
10833
-4930
-44915
73412
-58474
79057
74520
74151
-61574
30061
5504
68824
-67899
18186
-38640
18965
-85075
60974
1986
56823
-50650
37262
59758
-89664
96880
-22843
-83864
9798
55482
85338
97424
50880
1046
-33829
-50090
-19599
15575
-20065
66149
-89636
-15304
10421
28762
95896
90650
13856
-19194
56593
-23902
-6102
81758
25523
-87196
-87552
82635
12154
-78574
-24259
-71625
-65502
-32371
-28317
8777
52716
-31428
-81434
70963
-89726
-23208
77817
32593
-18548
47802
-63416
-80213
5885
-31074
91426
32523
-60576
85078
-86296
-5082
88400
-25712
350
-59823
-10448
41030
-48471
34831
64016
-25289
95650
98799
16879
-90093
24339
-66012
-10752
82938
75203
-65846
42879
56226
-57214
-4814
-78175
45784
-27760
-79102
-21947
-85453
5245
-43475
50548
20178
22376
4876
35094
-62546
-29422
37315
51129
-95543
96218
-70247
-34213
41127
-77065
35248
39753
-96383
75731
9101
7912
40833
-49615
37893
4198
62915
26753
71666
-51788
-49055
60229
-58749
80372
-18426
-37586
25213
74547
-74817
43534
58489
-62057
41744
-48662
-71140
-96039
57342
54718
-89518
-33367
-28060
30199
-77519
71343
66132
80684
43651
-29490
-38715
28766
34807
-6082
51484
-21522
1876
-81786
-72692
47664
-38480
-50429
-78983
-72706
26787
-60072
-35354
17339
-85311
70905
-52810
-30857
-19083
-32451
57641
-86561
40656
83876
-89470
-32814
20701
-99645
61960
-44199
-52045
-59090
-95767
49375
-72489
39217
-84766
-76924
35737
-19553
-16008
67474
72178
22913
-46168
-77195
98298
-98458
-73155
-3314
68841
-99335
-49457
16668
45462
-99462
73143
65424
-3242
-20466
19576
70914
-25185
11722
-46165
65166
-60774
8174
84466
67059
-81961
-23536
31630
-33890
34498
-93423
56404
-83104
-91135
88551
37182
44171
21143
-32632
74258
-89569
-29656
-15597
-49471
31453
-52278
-5221
69198
-5923
-57484
-11550
-58560
78472
20519
84740
74400
-29116
-35159
83125
96961
34245
22432
67173
-7042
1013
-12435
95061
-8142
-79855
-61528
-56572
40427
39542
94254
-28380
19523
-94214
60193
91470
40788
28341
30954
9012
-49996
-62502
-9531
-84694
73891
42956
6192
13399
-24702
-64860
48700
69964
27739
83856
-79163
54517
2914
16226
76378
65889
-60372
-36572
37367
-8922
-53202
16025
4982
3790
7400
-69989
52038
-86886
-78216
1431
-16292
68954
54955
95492
-23289
267
-46816
-70375
46593
87188
-89291
21778
-11246
97522
43468
-85850
84609
-90939
-36410
20458
86013
-29894
51169
-98954
53028
17741
-73815
-32075
-12874
-20312
86913
56924
-40052
11859
-40973
49943
-40836
18190
-85912
-65895
-14726
-34681
-48538
75242
-97031
32866
44413
-10897
51445
29137
-62197
-92482
18123
64185
-99421
92526
-576
-34596
-71514
42791
84636
-3306
40648
-70994
-96350
88507
-70834
-99303
37132
45940
38410
99903
-50322
51879
-67747
5442
52844
-52742
89987
-85363
-11067
89390
78932
6285
-23610
77940
34365
76427
34135
40367
-60563
-24606
70920
-34149
86238
-44567
-6592
-56067
-48207
47773
70954
-5052
-49059
68887
-90029
97340
-93173
11328
-98354
48844
82623
95672
-1244
36302
-10020
-61187
27026
-59977
-3644
-341
-6513
97489
70176
52364
63881
-29510
-96373
92196
73223
76980
37681
17133
-96514
-42547
25705
-51967
-42218
90368
88574
71971
-67621
79642
84618
-61954
-49220
-71851
-21944
-9729
-90750
-85415
-81994
35350
-74457
-59004
91720
12823
93236
-80044
20013
9533
-46487
-47192
-98570
38773
88646
-28781
26945
92334
13238
88804
-4303
-40775
27497
96847
85825
-76454
46644
55146
-42991
81683
-54020
59345
-45126
56428
-69648
-98603
35500
-431
79681
65399
47150
25279
-94889
-64383
39030
-44262
-29693
74672
-77263
10897
-96990
-67842
25806
24004
46200
-56401
-92370
39330
-57079
-75849
55770
49128
54564
86660
-87031
19473
-63305
-92777
30909
28749
49315
98747
15344
-62228
-34670
69422
-68072
22331
53624
50058
-21339
-85921
38154
-81085
27114
48406
97724
75357
-6908
49520
-52501
-36732
68280
61046
-73604
10343
76353
-37370
-6272
22806
-81102
22991
-24595
-7620
-5212
-56844
50171
-99044
17909
-68538
5109
23039
-98261
-11334
-24401
-65476
-13406
-64815
-92354
92242
8512
-67746
26809
-1085
-86668
-74169
73781
-71057
25564
-58267
-85971
-43334
-57819
83266
-66756
-54424
1712
-51461
-15950
35413
46418
98699
96732
69865
-53668
8239
-32717
15699
66766
74987
-6336
-6847
98769
-42430
-43252
-56594
-82162
-8966
58187
-86141
87612
-62870
-26948
-14378
-70816
-84378
-4502
-1961
-13715
77421
18258
-51568
-42898
-45698
-76265
-97
80481
90471
43626
-22980
-42082
50687
-77243
-39997
-51987
-56425
-82082
44608
-36210
-74108
12464
20236
57075
-68345
13818
-34983
33960
28344
1794
-84932
-66316
2312
-7937
97625
54649
16496
87685
-5270
-39215
-73757
3515
74033
-11998
-20023
51991
-87441
90073
-56254
-43507
88844
-71729
11514
-61162
-89458
9595
-30866
71328
19135
3735
4932
-54255
-71672
-4879
6572
-54454
-76518
51756
-88455
-75258
63650
30839
-6630
10745
-6479
-24550
-55306
-22531
46548
68821
48616
94234
13704
24505
-21320
74072
72884
31846
6949
-27197
51428
38201
17907
56733
-85757
-15141
-7704
63015
-48999
-95127
95913
92508
14755
81685
-80856
26077
4939
-23211
-54948
7402
78089
-90478
-6893
-43266
99656
-2752
-12674
32762
38480
-31633
-25178
-93180
30130
-78159
-91786
-81516
-53410
-66188
-86005
-93233
22578
-39408
12103
-33986
23143
-68450
-23284
-14692
98925
41514
16075
89074
46396
18770
30536
-7515
24391
75909
-23787
29862
16910
10789
-3367
10369
90387
-23281
95770
17303
66262
-14149
-53129
-9679
96747
1325
-95523
-78019
-30892
-91557
42374
-23174
12167
-92275
9633
15537
64518
-53304
-59620
17171
6170
-10577
-42822
69950
-13460
-34660
67892
-68807
75086
-27709
-46877
-17628
60827
-66330
-36441
64426
36554
-66285
-70006
-10959
48858
62056
33238
-83161
-7709
34901
49954
80412
-74369
71516
-30604
27330
-62978
31105
65162
-58297
-91897
82770
69642
-1685
-25486
-98482
66182
66712
-57617
61200
99216
-5915
29028
40488
41561
30662
48238
83190
92293
-14361
-27554
-44575
25171
-52573
-12416
33832
-35821
841
-42095
74013
38929
-4680
-47034
8640
-32449
-74939
23644
82261
-91631
-5756
-42479
89665
13758
-14119
-40980
20941
-11850
57806
-84552
-41045
-75798
7404
-41322
20628
98264
50703
-8449
-83412
-83377
-27813
-88362
12053
40926
-35161
-41110
-84894
-71696
62389
-56784
3353
-62778
-62680
46197
6935
51773
-22513
40820
27934
97604
-34373
-22646
-68050
-98723
-46473
-60942
-30452
-860
34344
-84733
-73620
87385
28264
74539
80832
74597
78868
-53854
-46261
15400
-85031
-99312
87686
73219
32761
72440
75043
15427
18139
46918
32148
-722
-48634
-40962
-10923
-25784
73912
60586
-69632
32678
-71712
-68478
71028
17473
75040
56973
-73615
-19608
13902
-97791
92879
-65342
-25133
-21770
-36886
-2850
91870
-91358
23268
-21863
61503
-96745
-79582
-29688
65495
26254
52778
25350
-34023
64924
-3265
22816
-84258
17747
-42400
-39126
-8488
-94953
-46486
-55675
-24968
48822
60479
23116
90516
-37017
31981
-71945
-18954
-95986
-53727
29960
-13759
-73231
-83832
73811
-15797
2558
98237
28584
-44243
-95523
-65186
-75433
-19336
-55382
41661
-73083
61803
-5870
-71380
-87901
-94937
36375
-68422
-53921
79510
77844
78853
-79209
-10550
-9843
-77933
8976
-40288
-4815
-19771
-39274
-64180
9351
-44178
46793
60659
72295
-67208
99079
-14878
13469
99460
65402
-4128
91748
8528
-41747
70476
-69149
-54464
40058
4032
-47130
76368
-64727
6305
-66668
-30027
25153
-83577
-93097
70955
-82598
-27679
-22817
-28845
21877
64857
-62509
-35534
72280
23744
48715
7577
-63184
-50285
4008
-95957
71671
-26478
-39289
-69821
-46281
824
69165
-95696
82797
35198
71852
-55926
48492
-53653
-49246
-28614
87419
8412
55104
81879
89966
-30761
-76719
39545
34336
88931
-68592
10677
56800
19954
-19328
28526
-53178
-12634
60317
-19427
29091
-79957
-550
-99701
33278
-24675
-20591
-99892
22622
51667
28251
39176
66364
77295
2356
56355
-57564
-49728
89719
-99061
-25419
-40761
-86411
-96682
-67301
22772
58230
-77654
-78680
-27811
-7363
92293
-39730
35827
8396
56542
-82560
-77643
50660
-24807
-93157
-6123
-19392
62199
-71202
14209
82038
42959
22883
-30205
80286
74385
-56129
-64677
60696
98831
-65330
81998
97738
-41420
-90459
44568
-35794
-42856
-94808
59866
-58404
61190
85348
-34051
-48139
52339
68982
12601
70963
27107
61167
-87733
-6648
99710
-57899
-77670
31211
53402
-6292
40800
-67903
-56091
-98418
-86953
-76145
-15411
-53438
47296
-65694
-71742
27803
-2066
-44080
11163
-78246
-54982
55195
65568
-68310
-76107
-68187
-3969
69685
-48462
83609
46710
60015
14581
79989
35658
-36455
67996
-87880
84936
15988
-87030
61120
-40245
-46370
11421
-18560
-36520
-90084
86741
56796
21988
90090
95205
-19088
61187
90911
84631
-12838
-39782
-6157
44770
3642
-22996
90911
35680
-32421
-57497
43098
-7539
-69234
63141
29503
-61090
16032
-40115
52614
-16309
18506
20309
31375
70433
14720
-80773
30579
50905
29116
-83673
17406
-14190
-32298
-79297
43783
-21499
77910
96936
-27670
44682
-40226
26510
49262
17540
48530
18360
72701
-60681
8513
-44665
21770
27899
14464
-15420
-39715
2822
25384
88271
-59154
-84599
-87069
83223
86508
39925
3664
71782
-63007
-57129
-43266
21585
-41034
78717
-13238
63034
-72113
-95895
-66512
89679
-26508
99521
-59754
-17088
-44033
-66994
-16557
-79513
-15862
-42436
-40648
-60637
76535
-66713
91773
-59441
-50663
-55738
-52649
-71184
-3088
-85906
-41873
86180
88205
-6830
25457
34643
-13885
-109
12100
-80333
-45048
21817
5006
40555
20847
39468
86569
-89643
35541
-3515
84971
85290
38859
-82483
-10561
-21432
12824
-18204
-15949
-93815
-46542
-60194
-1601
59058
-53493
-76329
-61606
91711
15119
-61047
-77054
-16712
73968
62978
76947
12239
-57636
-40935
-36598
-46593
-28147
46407
-65421
-28284
-84130
-78898
72065
-6213
-4566
-56802
-15232
67311
-96818
-28312
-17126
-33721
-83625
-70463
-26725
-75835
24414
98744
49472
-3921
85118
27702
-690
-8716
40012
38552
21833
-88816
-21529
64616
73932
-36738
88970
21160
93940
-65910
-21088
-98365
90644
7119
-46065
-5644
45717
8478
-11916
-65359
-25786
84338
-19809
-75399
32793
-20509
-53443
-40479
87678
362
47777
-71717
-31599
45588
81731
95908
-22163
-31889
57845
17749
-11699
-55906
-14075
93249
-30210
22137
-90254
-36192
76155
-35864
-79013
54049
-14996
-21732
-71974
-12182
-7917
-5110
-53528
-7129
7145
86768
-43317
-58018
-7905
-48435
28825
-56417
-55808
1581
-427
65069
46583
-79318
-45445
-52016
-26794
-79868
51761
-85704
32413
39422
38052
80341
-19244
8507
10771
-59885
-80888
-74564
33129
-1024
-12176
6378
-34132
-23621
86998
81405
-89608
29511
35686
-72003
51019
-75495
-22261
5565
-26457
18216
-26015
82359
-95290
28651
-4067
26896
-21852
-97525
21340
-26260
6616
35300
72699
14808
8754
-3518
-22085
27755
-31092
19401
51410
-61127
-46792
78762
-99391
59791
93081
63619
78778
17757
-46894
31488
-51458
14243
66152
-80959
58571
-49724
63217
-10179
-83104
-5579
9281
20654
-62042
-32734
-70430
68543
-81241
-87123
-94833
-77782
-9058
92120
76095
38257
-31283
3534
-42706
-21997
53351
-46540
20337
-57721
-44563
-41514
-84101
-84232
96340
86716
57243
-23735
-73078
7864
-55524
-32881
-8171
-66545
-97612
38163
72741
-79954
51492
67813
-23216
-2028
-59450
13331
81356
-85173
-82631
25914
-39732
-27344
59890
76407
-26632
-92494
68824
-90211
-69557
-2971
-99924
89276
53902
60139
-84194
75535
-42976
-83931
38872
66241
64887
-5414
60885
-53898
94194
-56155
-84416
70170
534
8198
-2043
46569
-45539
-6239
17076
58306
36761
65733
20770
42299
27950
57721
38902
43857
-78982
64088
-56696
-89134
17036
-68219
27921
-55318
-9054
-96222
-90162
49097
-75664
-61149
-75790
-52415
-83319
-24101
60399
51285
92720
35811
-25743
-75890
-63554
-17585
72207
21232
-86369
-65020
-52932
62593
34403
6089
25078
-77616
-70350
6533
-82085
-63876
3697
-98804
-92889
11212
5208
-48400
-669
-54980
-51341
-77957
8887
42322
-41010
52315
-89070
-20989
97448
-85753
40201
-46417
79943
80817
2587
55813
-72410
6619
-64570
-88342
-9044
14236
-76533
-67712
8544
32466
-77438
70878
44686
13833
80343
-72143
-56344
9491
32739
-1519
33694
51091
-24881
9769
-45763
12967
-12152
-3747
-7786
32777
96185
67231
-69068
-65709
-95910
-87501
89800
82254
65744
67481
-93616
8218
38919
12561
-63789
98998
-43854
31468
-62874
94048
-16775
27538
83860
74010
79340
-89844
-9872
-21393
59313
-87694
-545
97141
93800
27443
36246
-795
99544
60801
87734
-8858
68953
-7512
64728
93191
2678
-65591
48085
50152
-60905
-6280
-1489
84186
-61863
23510
20665
12737
-86769
44335
33152
69771
16123
16618
91299
3643
-11968
53173
-14502
69898
-66158
94265
-27767
-3304
-48050
-83989
-47927
-18580
-39375
-63747
48249
4448
-67315
-91202
87104
26062
-5878
14991
59834
5088
33641
-41127
49093
24881
57768
55971
33273
-52417
-35507
-93390
7152
-21556
51400
89966
32222
-18197
-55239
9788
-13156
27204
-95892
-50077
71967
77199
13503
73314
-97238
16441
-15512
-32787
-28211
65480
-17871
-22781
58719
-74320
-45989
86224
15447
-18622
58689
4828
21915
39411
91571
-4268
-34698
-51207
-79799
78026
-96064
-36100
16990
13702
45258
25153
2651
28343
-3563
29542
-59841
-42850
-2204
-69531
-30651
94553
38575
-51756
58035
52962
-834
-75323
46722
14358
-68397
915
35732
56283
1143
38599
-60416
73046
-13368
32999
61074
88667
-30918
9773
-8274
81571
-68971
9859
1934
11323
-3379
-98389
49387
85597
52568
-73886
40860
-3175
56045
30482
9528
29154
64205
-21998
16599
-87661
-29830
-78551
-91740
-78689
70486
-51715
-75774
-13383
-3718
127
13894
-52387
-50611
91464
73681
60061
9035
-79460
-73300
-958
19617
-46696
-182
-23739
-4222
54669
29381
38422
45090
-67733
-52284
250
-82667
-83262
-53679
-4189
44334
96315
-89104
-58550
-78479
67257
59468
-93298
-85222
43895
-77652
92434
37071
91853
92202
83118
85973
23218
54226
69308
-3894
1714
-5060
38888
71958
100
-86426
62033
-93246
-9362
-14758
-2394
91206
-99061
40148
-72858
53064
-92810
6480
-33698
-93851
-95854
-88742
48911
-34952
26546
52412
36274
-61997
74839
-87541
43304
-87322
-53194
17014
-80815
-72099
-84962
-83001
36143
91153
65837
-78110
8684
18546
8380
-35958
-36358
-76804
27313
73051
36827
9164
-13683
-91373
-61370
-98766
14923
-83263
85513
-76470
97592
96500
90157
-10966
52125
-65467
82125
-89140
37879
53465
33913
-60956
-79723
14768
87730
7110
54651
58503
16422
25245
74754
-97300
-7681
15953
52124
2132
85953
-86783
-57791
27906
-16188
-17951
-186
28130
85780
90069
-60142
52077
39634
-17640
-95502
-17780
-72145
-61881
-50568
6285
91604
-82623
21792
-45940
-39169
98465
-7532
75120
35265
-96034
12878
22483
29685
-35249
80322
-42337
-27329
54936
1528
-44518
84566
-56426
13629
9597
-90757
-6443
92312
43536
-77599
-61100
81661
-58921
-15777
65264
-49176
-45587
7466
-61089
55099
-57840
-60610
97119
7115
-68621
9868
73968
22786
85303
-81034
-62065
24721
-9521
79461
47084
-60566
76994
18363
-81969
-60146
9478
4298
92135
11021
224
93850
-32616
-55587
-83252
-30218
19225
-64358
-10374
-93101
-64433
86459
56477
-15193
-38083
-69307
-77378
3614
55728
-43685
49392
-74035
68311
62979
36151
59872
-54277
-29589
10070
74083
-53255
-39342
-13160
18761
91855
31964
-88129
71619
-51778
29400
47818
332
18349
-58193
69417
-65615
-85934
96558
15213
-45521
74528
-68847
-39292
19119
-46638
-40123
21339
-57619
92791
84913
74778
-31327
74759
-32618
-18023
-11086
6741
-55412
-10948
-45102
7185
49412
94586
26328
64150
43635
1636
65435
-95495
60010
44333
-74559
-8028
859
-55656
-60315
63418
72469
73763
32984
77163
81280
-56790
75162
71733
-1205
-58456
37676
-18807
58677
-86202
83506
-74537
-46143
28794
87569
-90206
-16554
-23717
2351
74969
-8486
-53921
9623
-97917
15284
-86293
-82999
-84751
-58976
82652
-23329
-53954
19736
-3382
15511
-85657
68531
-88672
2495
56833
-96106
-96342
-86165
-88180
-22038
-86052
86500
49124
-67357
27677
9365
-24411
78930
-92977
-77769
-7829
48777
-89946
-81377
57622
-28280
2810
-33013
58176
53439
15655
-41127
-76926
-15917
3275
-21543
-65816
60698
76082
25940
-82427
16212
-60247
-27414
-78293
-19025
7034
67857
-77608
61021
-15058
-84008
-56194
95363
-39750
9440
4094
39490
-69430
88480
-17010
-29841
-43103
78415
-27625
56215
50529
17992
-91237
-68999
-22391
74901
-55148
29000
-98402
-69944
-5022
-93688
44128
20519
-82072
-35060
38000
-75724
13279
-77975
21079
71759
39480
-79111
38537
85049
51768
61710
-1389
80971
64232
-42909
-83
-57425
76777
91651
-49610
-21548
40726
-91585
98399
75605
71324
-44789
92240
19568
76640
-54585
-31802
82455
86708
-19938
90830
1318
15845
-27741
72032
24998
7414
62896
-86630
73769
-61006
-6614
-23721
-44650
-90368
24672
-53911
-78019
15153
-97746
81888
85088
-64239
15638
86827
89165
-82999
65726
27936
11052
20270
97862
53018
27084
-48179
-89715
-49118
-20225
89011
91243
-56812
-51019
-1679
64176
-2277
-66634
24104
60394
-40154
-89957
44690
69929
-67357
-21078
-97851
-90036
15901
-42330
-30027
6388
-55888
-17191
98705
717
28255
55693
78635
-21472
13254
59622
10726
-65373
-48082
-31329
-38095
-13339
41588
92007
54231
59519
54295
-56578
-55049
-83464
4353
-88916
46731
51139
13323
-64554
57988
-97016
83452
-93595
-15295
-605
-26654
-45369
-76496
6687
-29893
43228
-7179
-52084
8357
3931
37671
2355
-10370
13347
-51095
-73883
-32398
58613
14143
-86524
80692
-58461
-32189
-9823
-64113
-15835
-76920
-38641
-68437
-34777
53434
53664
-79530
21242
-33621
25873
46898
77827
60886
-73490
-40268
11541
24442
23144
-82493
-58453
-63841
-60945
67006
33023
-59815
40611
-98418
-98150
-92983
-32261
10432
69534
-62915
30015
83396
-99199
-11193
-50799
-911
752
54730
98966
87705
17962
-31811
4402
-98961
44316
-43056
-19627
-44559
87420
32063
-50598
-15381
-36144
65184
-38166
-29146
-18727
10637
83445
-91363
22406
-48217
-4592
-54802
57482
-54739
82328
-46637
-18692
-43031
-4897
-66168
-44771
11956
-34697
81757
-88211
25021
-1185
74671
-19078
-13981
37071
-9225
-81493
-59170
-46941
-38818
90586
-92361
-48195
44037
-96048
-21273
-21411
-89308
-73865
-50191
81665
71198
-60848
33501
19625
-77213
-34617
65079
49068
-35607
-21204
17547
-74101
-78672
28903
-77214
-42060
41297
-25773
-81081
-34843
-82588
77857
88272
30490
87436
-19945
56069
-93539
-8978
88642
-37072
31937
-36158
78955
92186
89318
-816
44541
-26787
-18603
11015
-85998
-14777
-72464
45267
10598
75690
26983
-38404
-99486
42591
-77299
60407
-63069
-4232
92401
22507
9601
-59853
-20810
-77623
72757
-11256
-60493
-95557
55162
-59065
-98101
19482
4061
42296
42821
-71449
3991
-7661
-2530
-60182
10972
52924
-83925
98055
-76679
-92031
32011
-38721
-69320
14118
24327
727
47472
71835
-65707
-26332
57686
-600
23982
3067
82052
90895
13505
-55196
20744
50183
-64165
32576
-84070
-44580
40199
17996
18701
-24632
-79291
-95951
-88070
-36918
42626
-31830
7191
-48536
-30652
93506
-60273
78672
38032
-60058
-7521
47043
27772
48288
-64094
86552
-55664
23786
18511
67641
-13604
7460
85727
-9619
55793
23518
-87625
54965
-71350
-85888
-32045
-65315
31943
87594
1926
-70670
-86919
14762
-9382
-14487
70607
99171
-51515
-42213
-43571
95161
-27991
25625
-21130
98914
-16439
-92605
36062
-28965
51540
39323
-13858
10129
47116
-36044
55051
-88556
-99225
50856
-153
50752
-7798
80241
160
-89969
-7433
-39728
-7001
38749
67581
-48417
85745
-41123
-58144
-48146
14286
-66185
89583
61754
8792
36334
-25490
-25317
-6350
-85219
-88293
82058
-85983
-65784
68115
-27365
66782
-99249
89218
59504
46155
-27298
-26064
30766
-44790
-35626
29776
83587
-83929
-61116
62843
65820
-25572
-16794
-29907
95683
-60918
74148
-36891
89529
45904
21454
-35265
17780
-43481
-46991
-96333
-50072
-78036
78142
28471
38487
33476
24671
-47015
79512
88919
-91942
17730
-44824
-68581
45300
22901
72300
-26659
-92218
-62751
-40605
87655
98717
-41453
84260
88938
-64198
-43888
-90653
-41529
65628
-14066
-58849
-96452
-35859
-15895
-89817
-45526
51085
-2446
-69511
-19796
6268
-67139
45571
-44478
-54963
95222
-46047
-34785
30680
-24173
-90914
84763
-3353
-15509
-84506
59294
-13531
36760
-41311
-35457
-48428
-6661
-76098
-5152
36339
-79207
97188
47626
-25128
-45218
6610
-90127
99675
65185
-65078
-67152
17401
-72018
88388
37483
18637
7559
-40844
-15420
-71432
-85723
-39657
-80603
-23755
-29427
45526
17082
-73876
9247
32621
28950
-76665
35110
97781
-45014
28398
-14667
-33132
40299
-58691
83729
1885
34025
51413
3092
76584
-24782
-21923
-87993
-78781
-17013
33199
-67835
71229
-18744
-82280
17670
-65726
-24094
71905
-52693
63543
-69008
-53614
-65015
23058
-64175
-34974
68697
9670
-54117
68223
47650
-68755
-8241
-75704
97228
-30359
55958
36359
-14710
-67277
92473
29201
-41072
-44958
-80824
50343
87299
11614
82141
20154
-83708
-65563
26269
-8776
62904
12693
89417
79881
-57952
-91867
46615
85442
-57443
24364
-42054
-805
57695
78375
-89008
86587
-45252
-77231
76508
11677
-1441
36709
-94881
26116
93289
-79146
-8499
-64155
97037
-83567
86378
71676
-76708
-19077
85770
-56069
9022
-64266
22631
33352
41584
-16129
76833
-29932
-95083
-69946
22451
-39840
62557
15421
-76443
19380
-1530
-78157
-66571
-34617
57442
36982
25395
43733
-62772
-24354
-95703
54113
22611
92648
-43396
6121
-73769
-83914
-32377
-95046
60339
-131
-99752
41048
32859
48105
40012
60987
86848
71151
18110
55589
-73505
-52274
17557
52955
69654
-3901
65601
-75164
50182
-98321
8017
76353
-9345
60892
79980
48405
-16988
-82938
50299
2980
52699
9695
3255
-15311
-30806
25150
-43453
-11903
-15401
30559
-23366
28665
-72554
-81026
35014
50472
-13391
78549
53422
-74619
58355
-62775
31501
-10240
86202
32950
82628
48612
-73314
-38299
86053
51412
-68051
88541
-63354
-77735
58726
-19206
79978
42919
-79105
704
12668
-25885
-17403
-87380
40409
81231
15407
-41130
-55244
64907
95164
17171
4382
9528
11419
-20100
-55794
-94921
26904
-83818
-94037
4456
-83407
-87521
86642
-79185
-86023
-99135
70210
-28977
-18206
-22447
-60934
44095
58121
-93948
47213
-21837
80394
95166
10986
72314
73051
84831
39196
31231
89793
39208
32682
92875
-44500
-34728
30705
6635
16433
-72860
39691
-86967
-90705
-38382
-94668
-79528
9916
49466
47283
-75587
11016
-40401
5161
82349
16297
76044
78372
-44514
-83728
23445
26501
60904
92434
10482
-19652
91816
-99289
91886
90610
22142
-76287
-79750
73402
-44496
15336
-35897
99590
2136
-70862
-6707
33263
92918
33073
88218
-53974
-66804
-43766
99438
33126
28443
86942
43037
-49802
-74565
-77926
-55836
72020
-7842
-82302
10755
8550
-41201
31722
63351
-9095
42775
-76796
-72446
81720
83895
1323
9878
-90028
-1716
42377
46850
-44354
97785
-58447
-60631
49741
60230
-79717
-10531
-99994
89817
93284
66491
86999
88483
-37352
-47460
-30581
-38709
4664
86143
-38217
-43211
8845
27459
64384
-14678
75974
44781
-54481
-37785
-54544
-97968
68634
-73369
-67798
-71728
64708
97206
1291
-60131
-58150
67834
94796
-22599
23105
67126
50666
-94080
-42773
-36037
-85296
-91495
-13068
57814
-9959
1588
94534
-42363
-62573
-29730
27086
-5406
-14930
60088
98900
-89058
-10983
72186
-11029
-87630
-26898
28801
-26438
-28882
33574
80166
58532
61300
9161
2994
7591
548
29811
86582
99786
47927
-45781
98034
-12279
-47765
39915
84289
45576
-37251
-17427
-3030
66979
-67952
24987
87961
50384
22992
35035
64904
76259
-68845
-54724
5677
-31570
86681
-76788
65060
65167
24701
-38765
60950
-13869
13846
61903
14700
7765
71449
78983
-14794
15536
-79130
-22541
60567
357
86851
7462
71472
26178
-74459
21933
-91335
-58703
-50339
61003
40562
-50943
72707
22862
-59877
-4123
44939
28398
26830
-52732
36322
53439
73830
-58118
92793
23914
-49373
3524
11634
-71120
92117
79134
-71335
88663
49473
-29875
66909
-15200
-45798
-8121
-67029
-5092
-82165
55544
-95089
44929
88107
51283
-61576
-13730
68999
-42056
50225
-81703
91759
55182
-8174
-98379
73881
51865
-91997
-58318
-16227
-90412
-28341
-52060
-9277
-64622
53502
-13598
-36999
-28332
46515
-80382
-12037
-45959
7999
-93525
54668
-716
-72088
95564
-2472
7789
-31058
87467
-11117
68777
-6243
78599
-992
96165
-85690
-94989
-11661
-54281
-65526
15055
-83018
37025
-73678
-96342
-78516
-52524
-93680
2260
-98602
35766
-90452
94483
73983
87963
-95410
7618
-48022
-81819
4509
64105
-67209
17074
-64153
19152
-46160
52365
1963
7813
-3906
-22070
-20188
68066
52101
-61678
-92120
-25121
15130
5019
14106
32533
61872
-59926
-75668
80718
97269
-8127
83880
-73342
-12371
-53128
-4260
-66885
61433
2272
-40703
-41148
-89774
-99493
81643
37143
65332
32526
53053
-38013
-12927
27940
3140
55826
59866
-55804
-80762
-25577
2396
50603
66811
-48342
61199
-78790
-25771
77994
45344
-96404
-49563
-5811
23228
-63608
-20231
-41814
-77986
-14302
79703
-30614
-59130
92425
46263
35654
-29870
-82946
-50234
58899
-75679
-73278
72918
-11589
-78666
-39438
-30557
-70827
12478
57490
-84176
-72258
-73435
-26492
8941
50865
-83557
-18587
18665
76095
-44977
-95050
32527
-81286
97509
93981
80061
84393
-71146
-67817
-54095
52015
77699
-25344
-7196
-53415
-76492
-64589
-11402
-34061
84030
59522
-24007
-70928
84138
97506
-73653
-88423
14903
29299
-1223
9408
99059
33749
73165
30639
37960
-9503
38776
76419
-34809
57157
39642
-91077
-20711
68689
15405
49508
-91664
4991
18984
3089
-48561
26758
-38712
68174
-7796
-81688
-57268
-74213
-25106
-91267
-28622
-94504
75366
90054
96538
86927
-93965
42417
-19994
81396
48211
63082
54982
-18275
-44374
53503
-70182
-64384
-37800
-33799
-64269
-11563
70331
61233
1816
-85806
-45171
58119
63939
39906
-2816
65693
38363
-63039
-9054
-5913
85022
61604
28698
-94280
-54126
-76714
-73213
9762
44255
-99058
-57470
-16645
-65859
-44610
66245
-13546
65170
-22896
-93023
42535
3290
-70714
86397
-71514
62175
39206
-27398
-26333
-50825
59639
91671
98122
35568
-50841
99030
-27108
48900
-10570
63394
37194
-51822
88242
90959
-19763
-99097
12709
-57753
65780
50068
97773
-77797
-34776
59142
-39050
-12655
-18730
19684
-61321
29673
43638
-16078
87637
55289
50254
45711
51152
-80659
49869
-41181
-90453
-12749
-12084
45183
68696
92500
74737
77896
46012
16200
-57527
-28002
-87972
-20132
24204
-97266
-74656
-15860
-39641
33324
93133
-16496
-85887
21174
-73473
-94204
-49342
-79777
58249
-63907
48993
31279
-55044
55404
38240
-15604
62790
39775
-57625
-57997
84355
44786
-28244
-39579
-11795
70263
-25368
27654
-76514
-99139
43986
90936
79164
38162
18066
1140
81911
5520
3264
-95201
69237
97863
4871
9351
-36692
2534
51817
69737
57445
-60108
-16747
-98716
81636
-11499
-24866
-81155
-31088
-17023
46203
-75720
-90294
-95365
38029
-48785
-21635
81470
-8273
-23162
32222
11243
7920
-40743
-44858
85264
-9548
-360
2359
-56089
7498
-63644
85433
-27402
80829
-56619
74996
64485
93539
-72787
-15243
99587
55799
-88510
34609
79164
-76158
-35587
271
62129
-76832
9825
86911
-20745
-69292
95987
28551
36003
61545
-87116
-65876
-18724
-11886
88633
-52016
39269
75409
32995
73265
-67809
-6138
90080
22144
47325
-10912
-23107
76894
-35374
-77430
7373
-10386
83800
-77621
44756
-19633
-96737
29460
75762
30560
-4484
-37906
42956
-7019
50266
33434
-77916
-126
21653
-89290
82720
-34679
-95231
80848
57607
-62674
-75851
66005
94541
86898
10190
84129
35139
-87564
79418
-96661
-72844
-81219
-42710
84615
79157
-52948
-66629
-70726
-72241
-56652
-95546
-7648
-20763
64340
-50223
-35184
-93298
-95833
-49753
-14079
50062
-1712
-81662
40715
-42365
-41571
-33853
-20875
-9148
-8828
-93511
61378
-79914
76482
-64400
-27834
82513
42919
-98462
-40704
90474
-73770
18231
-34263
50630
93311
-37378
-38696
95988
88346
-55233
967
-74602
48489
-61625
24484
15195
-70992
-74198
14607
74112
-91679
-78419
64733
35968
16282
-87410
73443
-36142
66608
-31654
35747
-39619
66126
-66201
43149
95102
-9197
-94356
-8649
-55830
60377
85478
14053
95785
86528
-17613
72526
-86493
49122
75354
85899
-43125
-33617
96131
35615
-55387
30505
-13585
-800
22971
72745
10972
-45832
54553
74630
-37234
54203
53836
5933
33796
10413
56575
-81590
54621
16993
91149
-50364
32755
53642
-62143
-30663
45994
-88159
-32614
-64020
-18520
-6908
-1651
56063
40872
26093
-78109
56983
65181
40754
85811
-19887
83079
-93070
88964
79430
-56927
91012
27035
-76935
-96510
-87132
-14937
36869
-47649
-64810
20299
-31067
-10716
-58328
71523
-52313
-87272
-54022
33668
68318
-94453
59826
-98345
19590
46501
97518
-23227
35875
48374
34574
-26570
58973
96776
22896
-12444
95829
-46061
-32562
-21504
-66934
90536
-80652
58249
44944
48523
-39385
-9128
-28510
-97677
30927
-21880
-17419
68155
-70062
19578
15568
75019
76763
-25854
-61626
-8814
66883
-46594
-77136
-34673
35699
-78998
-29814
-70839
-4943
40240
43929
64678
-20253
99371
-67785
4237
49818
-51340
12243
53118
62885
-49803
-48112
-74942
-50810
71260
99715
-75641
43981
-19603
65184
18510
58360
70750
-85032
-93285
34945
-6026
99600
-81249
93523
35481
-47562
27865
-84048
2919
-53335
55601
-52493
59196
90490
10660
-30882
61870
85228
-97483
56131
-42270
-55881
6597
28940
-80059
-30434
28356
23822
58587
-71463
-8634
-50159
-12960
-4628
72399
-68287
74638
54719
-27361
-67762
-52279
-20980
32104
41086
-8333
-66124
69784
41490
25262
57306
-9987
-65129
15760
-5696
16621
20880
85986
33924
-6626
-64073
-10946
77685
-7665
-43747
60155
-20178
53004
69773
50652
15795
36447
-53129
-12443
89928
31061
-62030
39427
-49531
-18898
26756
-82077
32081
26885
7336
89703
58347
-42458
90411
-72105
51225
9404
-40184
-6664
1210
-52971
-2962
96793
-95471
-45736
-39220
59402
26016
96268
-70393
-95894
-59437
-35481
-6719
60749
-80606
-55740
37102
265
35973
29245
98802
-91500
99915
40885
40074
46136
35099
92142
42754
11737
64124
-99631
-22854
-88340
-33727
-30514
-95895
-43696
96887
-12184
-1636
90617
-27323
49568
-9156
92145
-93367
-2213
-71806
86948
43019
-23702
-5467
-54729
60175
62531
13022
-82107
44464
-61861
24315
48953
88356
32501
-24799
6918
-67006
-36819
62775
-75626
-74718
-32307
-25550
87297
-76821
94066
-54086
66507
44428
30990
-21221
4664
-80203
-13805
82306
-42280
77331
73328
87879
90178
-4056
41493
-38489
-67159
24707
14997
-83969
-16221
99644
-10045
78325
-58660
48559
42861
13379
-75506
-63485
22837
-5171
51841
-31102
-29730
-74219
-49926
78960
50604
-19693
-31178
-19833
-96976
45773
73090
47433
-58752
-60815
55586
-20752
-23746
89847
44636
6160
-21598
-59990
84982
-9126
-70535
51679
28891
-78003
52659
37265
-96321
-35760
-79221
71882
-56493
50683
61184
-3214
80658
90876
-44282
-78603
-89673
-54660
-59421
-3235
92682
57495
71323
-63143
-82839
36194
-61470
-57892
34031
38300
31235
-73955
64896
90390
2807
-71238
-76919
2659
85695
-91981
-40012
-79976
-32293
97479
47099
41983
14987
67462
-80514
47308
-82625
-4115
65504
97614
-67687
38764
-53385
-26254
3668
68885
-20610
89581
-2412
-40056
79233
-62186
19107
-22828
79456
70741
-30065
95888
10584
-8202
-77226
32514
-9485
-10051
78853
-34356
-98404
37376
-9351
-21952
-77634
30842
29191
-57928
66263
-7932
-60616
-69942
84006
-63933
-47290
21557
16050
24522
11798
55498
55549
83684
87942
-98310
-59254
-69532
-18553
63074
10145
8196
37910
17663
-32733
-23933
48123
-13659
87044
-98638
54018
96159
91871
-47092
59214
23804
70155
60474
27774
9466
-42479
77516
-70181
47034
-39291
15104
-67713
38276
-29420
-12987
46093
65004
15199
8159
84792
29939
1610
-41084
-4396
-70673
67493
-27255
-2662
9987
77699
51197
7162
45395
-98473
26426
51624
-486
35977
9409
46071
-24851
95808
-87395
61311
-1768
-99961
-13210
-3041
96104
82474
97999
-48672
-59386
36468
70689
44028
41354
-9208
-94336
12817
-42570
12439
67064
19446
96379
-4607
91440
92796
38741
-35673
-4744
98526
-3896
-23867
-70181
81683
-43530
-17716
26309
70194
6132
-51984
5664
46929
-25676
11003
-18100
5843
-29768
43106
-36210
-79789
72901
9913
-49524
-1796
-36540
28329
-72807
-51739
19243
-11753
-30577
-84794
-74738
12562
97086
-22131
71476
-37633
62505
88958
32064
-69927
39727
4626
14071
64214
11597
-97660
12098
50538
16061
6328
91231
-87631
23121
-46260
87445
45249
-65090
64050
95957
-28272
24879
60624
-86287
-41192
73247
-24195
29941
55426
43300
11645
22025
24733
93074
-33389
46419
-570
19916
-1967
45442
-60644
-83172
36364
85779
14393
-32155
-9446
7080
-55389
-85504
28625
-77848
43661
-37996
24753
-291
-3261
85327
-227
85460
92077
-72075
95810
-32219
77789
-12224
-24884
58153
-54728
-34041
-47398
5854
-21947
18702
37581
-93780
-31900
83099
-6883
62090
38594
98629
50458
29801
58514
5146
-59042
63497
16454
-2792
84916
37896
-4252
-3016
87069
-37545
68408
-82382
19311
22228
74708
51478
-60948
-26216
-93324
24313
-39580
-64721
2843
44357
28822
71153
6974
29913
74149
8707
73151
21381
24055
54182
-51962
-9423
-70771
51308
82745
-17641
66053
-105
-35338
-51898
44689
7210
71775
-22273
83978
-18508
61657
-65025
75891
5693
86708
-5816
75791
31102
63601
-68633
20230
87412
26486
86479
-52535
77773
6807
-59834
-60536
7208
36339
30701
98617
32895
13270
-30580
-13899
63756
-65415
-57487
-17663
-80246
-22408
51877
16460
22284
-58786
-93106
1888
41075
24897
-12455
-59735
-33604
-5842
-92650
4020
1180
72287
92194
49279
-37204
91538
98195
-37205
67735
-27715
53631
-1111
47779
-92727
-57971
3320
-8367
84726
44809
47992
34892
42728
42950
78517
55284
-53087
98253
40050
-41773
60444
-8850
99027
94388
16415
-79590
-21297
80558
-92376
71538
-31281
-4718
-10602
-23641
-71636
98694
-27024
18170
-82511
-26752
10356
-86538
-25794
-91504
77200
-38046
-12567
54558
5767
51033
71563
-11932
16625
-93482
-15901
-97839
-59385
-12917
-2342
5471
-39526
-33876
39573
63598
-69199
57995
-83773
-74446
51329
-15250
-48649
-4784
96028
88425
29860
46778
93384
2362
-32170
-37266
61376
80800
-47046
42401
82752
-99050
81100
56242
-5749
-47788
-56559
-25682
2311
-9337
-49533
2747
16723
-50681
81112
-9972
-62705
12701
42808
10155
87870
-76799
73183
8901
-66861
32394
-81964
3172
-32316
2195
32152
-42876
98215
58071
-84161
7731
68635
-65616
32191
-29380
-44850
94809
-28138
74664
20649
67043
42387
21122
-40351
-22869
-43592
37004
45848
-63214
-83160
32978
51298
76104
69814
-86576
9887
-58834
-84570
38821
-56424
-74739
12148
-26247
99574
-52968
29699
-52020
55123
13026
-22748
37066
-71134
15846
-25629
-60938
-59661
-35840
651
-64921
-21516
4296
12009
-18326
-24566
71342
48246
-25879
-8013
91840
43649
-28785
86883
14683
-8970
77807
-14413
-95748
71225
-92419
-48436
72650
-27591
-64346
-52829
-46474
45699
22355
78371
-74370
-82451
72474
-309
-50305
-49155
-88298
-84516
-59945
88284
-3523
75209
79368
89950
-20212
51511
86182
84208
49399
-42363
-42837
-28435
30282
-21695
63153
-67497
71296
-61557
64365
-48928
67673
-24296
-59648
-8595
39532
-30991
-30715
-24290
-30800
-86027
73134
64538
-70975
-79175
72519
63383
-14484
-88469
-81305
36393
28690
80086
-63175
-97411
29265
-96540
-33081
54946
-55666
-47115
23998
26850
96942
648
12294
66394
-80962
35942
-34839
-2359
-52079
22883
28042
-39118
-37686
9899
90805
-10478
-42985
18748
59919
51392
33977
-81073
17783
-84903
95460
-27733
-6914
5581
-64552
62252
-17979
28833
-91757
74238
14204
-26347
-6645
-54593
-50305
-81798
-96234
-27750
-34115
-96749
-26111
18826
94761
2236
41485
-83791
88826
69170
-28374
16044
49685
5378
90284
17896
-70162
-68083
-69722
94227
-90383
46357
-20604
-41671
-75420
-2335
-46333
39759
-96227
-16691
68602
32348
2929
29867
-25437
-7749
-48686
-11828
-55422
-97879
-64012
-45278
-74366
12134
66737
75125
-48855
53461
-88673
-34859
-94071
-67944
-80887
-4907
-56025
-32427
-64228
-49969
-79768
74765
-23725
73260
32684
-47749
-37607
-78773
-61339
-90855
13377
53600
58409
-1174
62549
31145
-42010
-28999
-35859
2613
47679
-40182
-50314
91399
40762
92087
42007
-38486
73807
-95922
-6248
22376
-69006
88011
71789
-24099
-32398
-55831
-80614
71372
-30597
-39431
54325
-27018
5245
5210
-67959
86165
-69755
-84331
-78858
69210
-1310
-94337
-8207
-36110
43068
-58774
32312
84307
-73010
65114
84545
91310
27520
-68582
-5983
-19174
90402
79141
26589
-64305
31116
663
-95469
80764
5398
98909
-19086
-9283
-81240
57025
38531
63764
-57883
-92470
51178
23089
-95747
48233
-81472
65842
67583
-34513
23299
-45785
40580
28911
15200
78207
-21750
-4605
69344
60825
-34305
18601
18245
-56615
-57739
-3870
-70236
-2019
-12005
-8449
34976
51908
-41073
1613
22457
72328
31410
-25903
37508
33017
47752
87696
-61739
-98849
5650
-34919
-79961
-6536
-57158
56262
-74161
-3995
-20499
-55595
78188
55929
87032
-91808
-84587
-30919
-43392
-78643
-66347
17085
77081
-24705
12303
88541
1305
79867
70983
97031
9383
38309
88083
97312
54601
67446
-23818
-22611
6588
-68973
-79406
46096
-18157
-42345
-16288
69712
18309
31151
-76597
34431
48997
-91074
-38350
89316
78228
83767
85743
-52936
83712
98132
-19337
-94055
12829
-62915
-44404
97921
-38558
79118
20547
98202
36700
-45788
28398
-44067
42946
12284
-77089
28719
63736
-35337
-83849
82954
-35110
46024
-19354
54949
39502
58254
-77366
-25618
67606
-52059
25255
-92699
-75288
96621
15392
-85049
10790
-56475
-59202
19330
51593
-64047
-76570
-26890
-16497
62589
87476
-58499
36948
-33015
-40744
-68592
-91817
30353
-93914
60865
79377
-28299
-51569
-54999
76686
-73740
-93006
54334
-62912
-96178
32586
25584
-62979
-13920
-82175
74874
61344
-48614
4148
-26259
69378
-60924
4446
-23456
92825
6244
-15649
56333
20564
31204
-8028
57183
88788
-1506
-13154
-47240
-45554
-64554
71003
-75561
12535
-12317
23808
51344
-73803
93129
-22743
69683
-62361
-17603
877
28278
-36722
-18317
-35208
-69568
76276
12712
-75366
-3884
-97431
95008
61243
50933
-21364
-89584
-14113
-26769
-1658
-67444
9660
-1017
49509
-92696
96152
-25209
-5972
97567
39550
-1662
-23079
-40950
-5603
-81596
-87348
91465
-48333
40510
53686
91653
41921
47504
-47022
-46991
94495
-45927
-29911
794
80417
95547
-30468
-27879
10290
24536
-65086
-13694
-95729
59909
-21208
-11338
56184
8708
-90004
-60503
91920
32744
-75418
41516
38435
26516
1738
12909
-90966
7206
68960
-42978
-87831
58236
8391
-89009
81962
64445
83415
-51413
-51359
-47570
24561
-46797
-75962
99589
-76764
-5687
-5874
-21889
-25823
-35939
-45786
-38111
34347
-55011
-36648
37758
-65813
37186
-75106
90445
-2085
90050
57305
35292
76533
-17595
2396
77767
72702
50427
-28847
-44933
75945
-48188
77217
63483
-14174
81270
-30568
-67904
39279
-18071
48672
-53828
-29734
94136
-73734
41281
-11458
8941
-53373
-9114
86134
76189
-27384
-72936
-56935
83651
23371
27219
96579
-60661
-5301
-18655
-189
92146
-81433
-18334
14966
-26417
-23258
-15267
90247
-40190
-14636
91194
-55517
-96311
-57913
50986
-61573
-38021
-84158
73038
-22449
68125
49983
75460
21853
14767
69969
7518
-95152
-52080
36145
45600
58653
-67089
-73993
35803
-19865
-35657
44525
50305
21561
-96355
10817
2020
86531
-4646
-66718
-52287
-47262
-46407
31732
70784
94364
-24116
-84231
55921
-37020
-48737
-42110
48544
44577
-7213
-39433
-86295
63101
89527
60797
84008
49682
-67614
41801
-83497
33020
-93639
-60322
5767
-24070
-63493
43234
-14376
96829
2333
59815
52131
66792
-31636
-56626
-78413
-96968
97263
89437
90393
-76303
52524
43766
-82386
51080
89339
-72370
94687
41549
-80849
7292
-90710
-57462
-85258
1669
21780
71814
-10209
-23310
83894
32716
-78440
-78177
96973
30221
19172
36773
36071
-6582
61860
52610
-37939
37593
-97598
-88221
-93851
13968
22723
-11945
-54146
-21618
57531
64303
75304
-55806
-13528
-4424
-7847
18696
-88408
97124
93320
-21656
25953
70970
-16223
92952
99166
57183
60965
65897
-76220
-64421
63014
40388
-46044
56187
60295
-43760
-4809
52264
49109
-19322
15663
24824
34565
22
-33571
18645
17827
59253
90569
65548
50565
75506
-76757
54910
40964
-80734
80973
36654
65964
17284
62818
75894
56844
711
10419
78516
-71475
30862
22474
-59718
83276
65459
62186
39230
14990
-19629
4067
24739
-85779
-2047
86955
68082
-82590
28930
-87692
61045
-1991
-35018
-91109
-45741
7414
-93835
-65739
-51562
-3544
-46366
-34256
67689
18209
45112
-77898
-94155
-84453
88616
-99203
-90362
-46708
31366
-27239
27250
47127
73089
-23738
64812
-15522
-41303
84063
-45075
-67741
44800
-8372
-27005
7750
77955
19009
-33545
4831
82189
-12255
81824
78804
-87316
-90245
81662
82209
-70607
-77364
-64696
96018
-21350
95256
19392
-45617
68092
84942
6051
14579
62005
7602
19352
85889
81233
11072
34070
86875
-4334
44983
-26581
51025
24284
-33497
