-8585
395
6420
7239
7021
-8067
4567
301
3939
-5806
5879
-9219
-5461
-703
-8173
-6774
-1264
8955
3467
6795
-7178
-8734
4008
-8528
8691
-9393
-7951
-5346
2490
8795
5114
-7468
6797
1732
4110
8379
5183
-4948
-5170
-6598
2183
307
6781
9068
-4223
-6538
8094
-7871
4875
98
-7967
4391
7068
2795
-2853
-7031
3502
8061
2455
8270
-5146
-9751
9033
6591
-5114
-8144
-3483
-3463
-1341
-639
856
-6636
6998
8772
-1797
6475
-5995
-8901
-7159
-3731
4697
3088
6492
-3896
-9663
-7208
1024
-2667
6284
7113
3570
9233
242
457
-9427
3785
7199
1007
-894
-2748
168
-1383
8006
-7787
-2031
2544
-6131
-7696
4498
-4205
1135
-8573
3873
-1725
7090
-4076
5289
-9071
-1914
-9968
-2526
-3978
3737
8372
3338
-2451
-5601
2814
3381
5872
2050
-2666
-4595
-7564
-1888
-4522
-2653
-4150
-4219
-1859
2413
-6328
-8290
-4866
9472
-9412
-411
-6356
-2310
3230
7279
6469
-4518
2367
-6537
-1719
5645
6482
-8618
-8756
5918
9097
-716
9679
6378
-7168
-4535
7500
-6816
-5155
-8989
7783
-7713
-2480
1531
-2842
-141
5471
3844
-783
-5450
6019
4289
9453
6049
-2856
5095
9195
-1898
-8239
-515
-9855
956
6511
-8544
-9125
-354
1867
-60
-7494
2514
-2025
-9679
-1460
7942
-1012
4029
8019
7792
-1334
-3809
-9401
-5630
-563
8795
-5221
-2253
-26
5375
5456
-1848
1699
46
-4664
-6210
-3292
9865
5271
-3476
-5321
-6103
6754
-4077
-7125
-3167
-9909
-954
2655
8634
-2179
7777
322
-4200
6431
4984
7070
2472
7545
2364
1081
191
4143
-6000
5901
-6953
-5813
8917
259
2137
3991
-364
9998
-6131
6758
4877
-946
5197
8688
1231
-1244
6848
-8866
-4213
972
745
-2428
-5709
6408
-4852
-8765
2479
-278
-6783
2012
-9880
2459
-5508
-9182
7290
-4776
-6709
7848
-5804
-9703
-8786
171
4564
-9106
9027
6491
9485
-9501
-5891
6004
7075
1778
-1637
-9513
8637
-9089
967
1023
-9249
3107
-6347
4371
-3565
2576
2785
4288
-5280
7312
8658
-7368
-7124
-2510
6891
-6616
6540
-7844
3569
-1823
-5634
9439
-2219
7256
-2037
-1777
-3388
2193
9780
6993
8403
3913
9078
-3731
9042
8911
4108
-4086
-8525
-1280
7902
-6428
5519
9450
9584
5432
5098
-9616
1089
-9445
-407
-8822
1687
7686
-6408
-3755
-7561
6541
-2622
7674
-186
-5235
-7543
95
1178
5172
-7103
7801
1182
-8580
4369
-9614
-1602
-3970
-6899
6773
5195
-1470
-7683
-8580
-3936
6031
-9240
-7250
-6902
-1869
3066
3092
3607
-1432
-7137
509
6266
3800
7619
4083
3543
1691
1792
6575
-9194
3946
7724
-975
4237
-1606
2798
6323
3775
-190
-5360
-8208
1983
-1026
5171
-2591
1112
7786
-1162
6471
-5
-6948
-6844
-4008
-3021
9535
3690
-2367
-9398
220
2323
-9411
2652
-4266
9459
8191
-8278
-3729
1928
-7991
1887
5556
140
-4380
4608
-9231
6678
-7600
-5138
2031
-9969
7252
-9232
-3891
692
-5957
3397
938
-1100
-8634
8691
-8751
-1644
2127
-1300
-4250
-8554
6937
-2495
7641
5345
-3376
-7028
-4581
-6467
-5793
329
-7845
-6372
1215
2079
-2285
1277
-102
4367
-8137
-6754
475
-9862
1603
-7151
-987
6187
1666
8654
-7364
-8526
109
-8340
-2568
1058
8831
348
-7091
-3661
-1773
-7225
-5766
8209
8449
-94
4444
1435
7905
-9151
-1692
3539
-4422
1027
-2800
7492
3135
-147
6052
7139
-9150
2701
-155
5147
-8311
-7291
-7003
-9477
374
-5401
-2595
6637
-8385
-4303
-9770
-160
-946
-9974
7230
5405
6153
-3684
3505
250
-8946
6028
5555
-1843
-6856
7483
5657
8689
-5589
6930
5627
-8246
-2690
-8651
8577
5121
8954
-1291
6381
7351
7523
-9111
-2765
7425
6162
-1148
8838
3761
8200
6809
8830
3289
7140
4159
89
-8519
-725
29
-4065
8409
-7859
-3895
609
-5423
-1218
-2962
7227
-5075
5691
7266
-6138
-1937
-8420
-4194
-99
-369
-2650
-2708
-2411
7420
9349
-3028
-7681
-9315
6061
-1615
-6294
8135
122
-8535
-8271
-9362
3346
2587
60
-885
4427
-202
7224
4529
-620
-3931
7029
-7060
7944
9179
-8162
-3588
3517
4728
2645
-1332
7001
2692
1007
2076
4848
-5703
-1702
-5915
-1316
6461
5183
1938
4972
-9809
4373
8771
-3458
-3412
8592
-4490
781
9499
2386
-9592
-376
7520
-8099
-9846
-714
-6983
-271
-8521
3870
8045
-6474
9806
4660
-2423
-8390
-9604
-7116
-1894
3074
8929
8985
6140
-1993
882
4137
1656
-8566
-8621
1987
7075
-9082
-2946
-8340
-2710
9773
4009
3690
-5828
4231
2936
-5515
5673
2017
-7932
-3567
-1885
7175
-9511
1076
-3246
-8213
525
-9937
-4319
-2302
-626
2066
5886
9518
-595
6047
6840
2709
-1942
5489
-3411
5753
-3781
-6764
-6220
1653
1499
7590
4461
-2495
9169
225
803
2625
8426
-7128
-6198
-4240
8829
609
-8844
5247
565
-4662
7175
1220
-25
-7518
2174
6941
3770
6565
-9721
9988
-3721
2738
-6351
8215
4849
-4305
-2628
-5462
6119
8630
3782
1795
6017
9932
-6484
-2493
6611
6767
4476
-9650
-7400
-4633
-1307
-5115
1407
1138
136
9097
-349
3461
-6201
8271
-4168
-4812
-8955
8899
7776
1505
8237
-7947
8327
-3183
-3178
-7789
1941
-2207
1242
-4219
3824
5005
-3247
2142
-9607
-1713
-4570
1904
-1377
3534
-1531
7022
-6492
5553
-2599
2998
9064
8146
-9385
2561
1069
-5321
5511
6280
-9014
-5892
1696
-8706
-9388
432
2011
-8054
6400
4167
9817
-5594
773
8514
-7736
-6745
8912
-3596
8852
6599
3340
-3004
5260
-2877
8454
7210
8398
-8297
-4125
-9112
8818
9399
4927
287
4886
7596
506
1627
-879
3252
-7976
4436
8304
3556
4856
-4943
-7661
7508
-5538
-2814
600
-7874
3042
-3869
4157
7696
6763
-2760
-2098
-5473
-9152
-2763
-4328
9556
-7339
1467
-5510
6031
2174
7696
1279
-8651
-5700
412
-9588
5323
7235
-7417
8457
3813
9467
-4687
-7583
4410
-5088
-1931
2576
-1707
-148
1298
-954
3680
-6528
-2546
-3056
4301
2569
2327
-7485
-1194
6392
9578
-183
-3783
-6746
-8236
-2877
-1971
-7647
-6937
-6712
9737
-3983
-5409
-2071
-4498
2200
-6420
590
1183
-922
-849
-9764
-4227
885
9410
6536
-6372
-4329
5210
5805
-6598
-4574
9651
8694
-4222
8644
-710
-6212
8835
-7424
-2990
5389
-305
-6025
642
1492
-167
1223
-7754
5939
670
-1131
6784
3188
-1577
-4677
-2216
-1655
8826
-2133
-3294
-5731
-3105
-4839
8305
2109
-6574
9995
-5674
-5703
-2814
-7466
1663
-1894
-2219
3868
-7924
9234
1379
-6431
-7333
9424
1381
4060
-1275
4296
-6446
-2130
1815
-9970
-8270
-1831
-9988
2630
5306
389
-4285
1011
-1324
5518
2540
-1589
-3090
8867
1232
-4885
487
1520
-750
6067
162
-9544
4928
5316
-3385
-9036
-2319
9852
-6560
-8273
5425
-510
8490
4348
-4269
-3000
4667
916
7232
-2244
3046
-5458
-2439
-8778
8925
4901
-270
8785
177
-6340
5944
4712
-3681
-7228
-8607
-9515
-6597
6269
1777
-2561
-5678
359
4543
3164
-5288
7404
249
-1890
-8804
3598
-1849
-4755
-6663
6246
5914
4944
1075
1261
5679
7469
-1500
-1473
-4106
5645
-6309
6315
3925
-8178
6960
7558
1418
7650
-221
5528
-9128
-6829
-3365
3803
957
-2533
8228
-2772
-4364
-4891
8243
-5256
-9300
-6522
2844
-7245
-2101
2801
3915
4123
-8223
4965
-3270
8250
-906
-2232
6630
8326
-3499
7717
1877
8140
1133
-4252
-7916
-3164
9098
-5257
-6431
4053
2089
1169
-6628
8091
-3575
8805
5572
-994
-8041
8821
-1418
-4062
-4859
3631
-5591
-9719
7476
-6984
-3974
-8366
3988
5382
8970
-6499
-52
-6325
-5373
-4704
9456
-3380
5752
7383
-238
-1242
4082
-2715
-1486
-1618
7514
6442
-4126
-3995
-9419
3193
-2986
-5934
-4147
-2522
-7674
3411
2318
4106
9313
-1087
8589
5844
-2703
8818
6692
8447
9502
3400
8987
-5710
9316
7798
-7508
-5200
-4418
-8906
-24
3674
-556
5973
5504
-3248
-878
-6595
2789
9068
-4554
9469
-2386
-5660
2902
9748
3123
1045
-2403
7777
7399
-6313
5944
3153
-3258
-271
-6568
-4675
4345
9387
-5571
-842
-6112
-4082
5772
2291
769
-308
-5746
-3878
6617
-1242
6229
9447
6996
2688
167
5576
-2811
-984
-7736
5692
8855
-1163
7638
-9516
4919
5079
2466
-1017
-6400
7319
-9543
-9406
-5189
5238
9592
3957
8713
1641
3636
-3718
-6598
777
8710
1478
-2233
6930
-9867
5191
-5361
-4997
-2969
7507
-2288
-7276
3769
3185
715
-2986
1389
-6687
8917
7804
9214
-3268
-8933
4976
8431
215
6295
5734
-1805
-7459
-3120
-8130
6565
-100
750
-5361
4753
-9547
1810
-276
2566
43
-4035
8711
6503
1543
-5544
2945
-9471
9777
5848
-2085
7991
-3460
8459
-1455
3339
-7938
8839
3056
-6051
1761
9143
4058
8732
-2567
-4172
1477
5223
941
-1823
-5075
8428
2534
-8084
4738
-4828
6967
3680
8544
5485
-2461
684
-494
6924
7650
516
-8760
5052
4075
1419
9986
-3843
6054
1680
-6565
2994
-9763
-3987
805
-6515
8512
-7633
-4812
7914
-7320
8893
-46
6493
-433
-5844
-3425
3936
-3441
-6762
383
-2969
3830
7839
6645
-4486
-4927
5124
9193
7869
-4694
-4727
-727
7522
-8680
7403
7648
1080
-5073
-7958
-5618
-8815
-5284
5552
8264
4293
-5707
8024
-9182
5329
-1565
9355
-5037
-1766
-5889
6466
2520
-2082
-9017
2716
6100
9933
-9850
-5547
-2753
8074
-2782
-4735
-1795
280
1971
-5413
-1157
3374
-7122
-4624
-1428
3559
14
-8848
-8506
3358
-1024
-4424
-5378
88
-6736
-292
7888
8669
7089
1328
8468
7701
9142
3309
1350
-9173
5817
5394
-3278
-3720
-1636
-3145
8895
-8394
-7208
1766
3253
8864
-6768
6547
8131
2978
9920
5770
5320
-4180
7481
-9740
-5620
-3171
448
344
-3360
8530
-6839
9941
231
9414
7336
-1374
-9571
-1807
-6484
-9101
3196
-6849
-1482
6331
9574
-9941
-6221
-8116
-9041
7022
5257
-2179
4072
129
6313
4234
8662
3502
8762
-5773
3066
-4229
-1299
7511
-9404
-1578
9942
-4820
-4186
-8883
-7890
3956
-5957
-7702
7795
9603
-5105
5007
-4317
-3240
-5189
-1608
-9170
7415
8362
-3064
-5854
-3143
-630
-3368
-6068
-4866
-8419
-8668
8989
5116
-2361
-7781
9525
-7300
7269
2548
-2906
4115
-7188
5443
-4557
-7356
303
2380
-7238
211
3377
-1352
6339
7787
-5873
-9446
-7572
787
228
-7043
3247
7086
-9285
647
-7181
-3527
5622
7001
6675
7942
-1425
-6686
5788
1902
-2487
-8055
9008
-951
8302
-2095
-6890
7561
6389
8773
7667
6972
-1842
6436
1815
6047
-7221
-2299
5524
-4803
942
8046
-3269
2475
-3754
1302
-7468
8826
6655
2890
6606
-5910
-6289
5043
-8489
846
-3343
-5333
-7663
-3735
-1765
3528
8934
4559
-6552
6103
8516
-870
-5860
2187
4396
738
-1242
-7250
-483
2728
-7206
4740
-4551
-2037
-1198
-7685
627
2649
7868
5767
2975
-5482
-1934
4505
-3828
2438
-8895
5807
-6529
9453
-9719
-4246
4889
-7834
433
-5682
-5334
-3773
7218
-3971
9970
8625
-1003
-5522
-4247
-1002
-1001
-6667
1425
-5389
-3111
-5875
-386
-2645
-9755
-7296
2284
5845
9397
-2021
-4094
-4040
-2241
1824
4036
6602
9318
-6517
5113
-5966
-5410
1781
5535
-4899
9565
-8253
8853
-7359
-8722
4363
-7164
9625
-2176
-8795
-2773
5298
-3854
4962
-1504
5911
-5818
-957
-5017
9554
7393
8183
-3598
2971
5161
5847
1200
5233
-9702
-5523
-8991
3230
-4193
6004
2967
5638
3958
4412
-6863
9635
-2903
-4406
-5519
1370
641
-7563
-3732
-9396
403
-7702
5277
8127
-9565
2437
3752
-9491
-4472
-8081
-5441
-752
-4053
7829
-9297
-206
1412
-9241
1095
7679
-3639
6918
-6266
9211
-6634
-8424
-7909
2145
-2083
9689
4902
2803
5528
4380
3816
3767
5506
6974
-912
-9726
-7791
-3668
3030
-3752
2097
-6891
5457
-8169
6742
8513
230
-490
-2923
1991
7127
563
2053
-6206
-691
-9596
6725
5961
-223
-8385
-2727
3433
2909
-122
5111
3944
-3318
4735
5624
-4581
-8536
-6931
-6229
4560
-3977
8850
-3341
-1022
5012
-9531
-7649
580
-7321
9952
-1867
7153
9609
-8549
2348
-2539
7027
6545
-9304
-7625
-4312
747
8029
9119
428
-8133
-8239
-1500
-1510
-4937
-9756
-8302
6053
-5942
5490
5820
7067
-6011
675
8415
-7755
1111
-2327
4494
5955
-2289
-7454
4229
-7167
3970
2074
-315
6420
5640
4274
8861
-9930
348
-5851
3708
9831
5108
468
-8448
-5809
-441
-375
-7292
3955
-8551
-4496
5573
-6045
7182
-2343
6996
9515
-8982
7542
7884
-8396
-5571
6908
-7934
-5376
-6349
-5400
8841
7963
-8508
-5049
5880
3092
5527
-1839
5610
1632
-8804
-7475
7493
-3937
-1819
5978
6234
4508
4418
-1857
4119
-3371
-513
8188
-2180
356
-6653
357
4889
-6888
-8569
1174
-4087
6670
2597
-7393
-6810
3598
-8734
850
3495
6433
-5234
-7175
1085
7922
-5087
-1626
-5845
-6652
-3565
-8834
5991
3364
9092
2163
-4334
801
1364
2047
-1430
-5859
3814
-3075
7315
4695
-2883
-5311
7558
-5922
2590
896
6413
1532
7418
-449
2789
-1330
4300
6111
-8551
7360
3293
9956
-7550
1340
1104
-7372
2691
8266
7066
-1189
6954
2611
1698
-8914
6014
-3054
5301
-1673
-7505
-6171
9814
2415
-214
-6541
-7204
7529
-5184
755
-8898
-885
5526
-4691
1276
-2137
-1822
-6709
-5349
-9871
-2756
724
-9523
-520
7794
6817
7152
-7937
-2734
9737
-6555
-2941
-5256
4355
-2378
9622
-6273
-6680
2636
-3559
5968
-8403
4683
6843
-9592
1901
5449
-9748
9650
1976
9884
-7105
2382
-3120
1206
9925
1692
1961
4941
8471
-8430
5639
-3076
1487
-8651
-6028
-5842
5332
6176
-4502
9256
8760
-8373
-6936
3064
-579
-7568
1496
-8416
2302
7474
9696
-291
-1289
1884
-5506
8429
-8323
273
-5899
2508
-4813
239
1552
9701
5906
-8085
-8581
5387
2071
-3855
2147
5938
8877
5395
7415
-5620
-6891
9975
3850
-7333
5170
3783
6594
2527
-3336
-2376
-9113
-7069
-2591
4294
-1283
-5527
-6793
-9648
-9317
7638
-7716
1422
-5710
7128
91
-3288
-7494
9421
-6978
-3346
-3237
8577
-4349
1645
-6099
-7927
4030
2529
-2611
4327
-449
4837
-9399
-5186
-3260
506
4838
1302
7267
5574
23
-9635
-6277
-6897
-3435
238
-4280
3787
-1961
-5868
2442
-7407
5599
2399
8442
-1330
-7887
3540
6312
-2257
5020
-9210
-7082
5688
7205
8088
-9858
-6868
-2125
8939
1401
7101
5790
8120
-3533
-1363
-4548
8464
-1684
1068
7918
3309
2634
-4596
-6175
-7719
5759
-5954
8150
5789
4797
6463
6597
-8618
-8223
862
9036
5620
-1539
1525
-5975
969
-480
5292
-5858
-7542
8344
-7733
-4331
-4073
-2019
5166
2407
-9272
-6024
436
4824
1997
-7076
-2239
6595
-2190
2388
-9144
6771
6000
331
6763
-4449
2051
-3846
-7259
8507
8423
-8422
9818
-1276
2435
-8382
-4337
7651
2750
7464
3823
-1133
5496
-8666
-1728
5554
667
6388
-5836
-7777
8822
731
-4384
3128
-949
-5942
2118
-2483
-5437
-197
3492
2315
-4711
-496
7788
-9652
-8378
1933
2965
2800
-9888
-5052
-6455
-1767
-8921
401
7116
-1021
3247
244
-7423
9638
-6620
223
-8979
6809
-9302
-4737
-7541
-4681
-6667
-6755
4737
1693
2407
-3078
1354
8059
-2885
-5151
9745
8206
1797
1931
-3939
-9756
8593
6676
-1646
2709
5526
0
-6885
-4376
-556
-4529
-3691
1540
-3964
9354
70
-3488
2527
-2260
-2987
5275
3391
5886
-8596
7468
7722
5276
-190
-3168
4729
9711
-6864
9003
2471
-1901
-8947
-7817
-509
5941
-6790
-6109
-5242
4081
8650
5847
93
-4175
9794
-3189
5089
6447
-4299
-6925
-4749
5839
1683
-727
-4576
4976
-2461
-8538
3424
6480
7085
6562
2810
9924
-2444
-122
4903
9793
-4760
2150
2123
-2798
-7283
3794
9790
-8291
3616
1294
4037
4821
4739
-9513
-2073
7595
-465
-9327
1530
-2540
-3364
1897
-7847
-7576
-6512
3526
7892
-8372
8019
1575
1464
-818
-4118
-6121
-3642
-1657
-1266
9364
8197
-7080
5753
-5489
4209
6461
-1498
7893
-6206
-7326
2817
-2868
5368
1263
-5753
3397
3527
-6923
-2300
7515
4055
3952
31
5339
-6106
3830
-3516
5273
9237
-9655
-1838
-4192
-6589
1863
-8506
2173
-8223
-3875
-2647
-2764
4803
-4951
-3544
6502
-3824
7458
8419
-8509
-7971
-4649
-925
-4133
-8035
3859
5067
-8910
-7324
256
-3781
9355
-7264
-5238
-1182
4478
-1776
2701
6128
1320
3424
-333
-9052
8966
-493
9142
-3805
792
-9066
-207
-3306
-250
2300
7542
5680
1927
2143
6388
-6884
-3299
9351
-8023
-6827
-4249
9450
2268
6152
6250
-3296
9366
1085
-1546
-3637
4749
-9923
-739
-9147
-6186
-4107
6312
-6530
6912
-8949
-9845
3500
7078
-3689
-5864
-1429
-9811
8459
7680
7578
8621
6330
-9757
-4609
-7872
-9047
-8210
-5131
4213
1923
-4277
-5577
-8285
9160
5307
6082
76
3126
831
7345
-1910
8539
9159
-9067
-3251
4592
8833
-6912
-7287
915
2567
-3920
-797
4114
9670
-2139
1547
7441
63
8222
-7160
808
-9516
1617
7337
4340
-669
5516
9902
1123
-2829
6837
4390
9079
713
9268
5220
-1777
-5686
-7257
-4140
-2791
-3889
338
-3814
29
3982
6358
6621
-2177
-2176
-8352
6698
8812
8818
-9872
-9709
-8354
-6464
3795
3353
-5215
-7530
9531
9706
-5138
1347
-8077
-8154
1089
-4470
-6289
-4977
-5321
-9705
4869
8283
3114
-1245
9002
-4436
3697
5579
5614
5209
-1956
-4242
5036
-1625
9060
-8805
894
8319
6945
2946
-2897
7347
-8254
4840
6589
-5672
-1561
-1065
4420
3390
7332
-6871
-2923
1629
3402
7843
3873
-6601
7598
9928
-6660
-5699
5405
9914
7463
-9594
6110
-833
3888
-308
754
-8044
-6926
3709
2456
-6268
4545
5696
-8017
-1465
4285
-5632
-6610
7101
-248
-8881
-6531
-7614
8292
-8068
5932
5054
-3702
-1898
-6577
7424
7196
5235
7880
-8300
6262
352
3738
-5121
9854
530
6833
-561
9438
8329
-3668
6520
-8409
6643
1394
-3766
3372
46
2039
5353
5052
-627
-1940
-4777
-2402
-3412
4966
-4070
1478
-6424
-7928
-7007
9037
4149
796
-4929
7545
-5428
-6923
3484
-3006
1721
1911
6557
-245
-7792
-7635
1256
-7222
-1503
-2090
-8484
9023
-5771
-6046
4037
6468
3990
3730
9768
3975
-5632
-6875
-6570
4402
-8486
-6044
1468
-4194
918
9473
9850
4077
-6417
-7812
8206
-7364
-6643
8896
-9850
7471
-6043
4830
-3317
3763
4253
-955
-6535
-4476
-3917
5185
6953
216
-1065
-5661
-7095
-2972
7328
2473
-2157
-3378
7925
-98
-7011
4762
-9165
2505
-5112
5083
1156
6016
-5123
4278
-4925
2089
6247
-770
628
8399
1341
9882
-4109
9889
-5086
-8874
-7473
-8214
4208
769
643
-657
-904
-1936
943
1921
-2583
1077
-1504
7359
-3086
-332
4421
-2346
5839
2398
3112
7356
-3154
609
5113
4153
-3364
-9179
2379
9959
-6578
606
6932
4772
6936
-5872
6809
-3459
4966
-4245
785
-415
9280
7958
7532
9118
4789
-4878
2156
9797
5226
6930
-6073
-7493
1444
-9066
-1851
-1083
-8013
1007
-2929
-8751
2268
-2213
8176
-2161
4455
-3835
-2648
-9232
7692
-8284
8265
6570
5450
359
5623
-6829
-1940
-4933
6675
6158
-9461
-5350
-6920
-4932
-6214
7118
-7596
-7801
-1434
5329
-1640
8120
2284
235
1914
-5098
-6533
-4117
-4759
1570
2219
8775
3923
-3790
7661
8959
7824
-9105
-6975
8447
-6385
2278
-7287
-2576
-6056
-2954
-569
-8328
8294
9877
-9335
-1793
-4981
4114
-8438
-8467
-5252
-288
-7726
-8762
4448
9602
6269
-5201
-8617
-5293
-679
-1719
-23
-9680
-1020
-2879
4241
-4135
-468
1060
1315
4417
6541
7141
863
2358
-2268
-1339
1707
-4657
9639
-9397
5788
-7309
-8971
8456
-2374
691
1457
-4118
-3857
-772
-9042
-6369
-9608
-8061
3705
-6802
-9622
1724
6385
7299
-9898
-2123
2415
-2535
-3313
7731
6615
-9123
2010
-822
8328
4104
-7413
7515
9789
-9387
5560
8481
3841
-8852
237
4558
-3581
-1987
6414
733
-9446
-5665
7067
-3970
675
-6082
-9675
7158
2471
-9495
5537
5035
-5872
1413
-974
-3420
1075
9338
-3569
1659
-5691
4479
2668
-268
-3371
3553
-4236
-5464
-6337
-5031
-8038
6549
537
-8098
6896
3770
-7900
9290
5449
8444
5607
-7583
-9522
-3906
-3252
7185
3632
1529
3881
5881
6356
4937
9201
1436
-8245
-8321
-330
4996
7928
7853
644
-6604
-2012
3009
7606
1722
-7215
-1847
1213
-8314
-9618
1347
-3091
6917
-5954
7493
6647
2631
6613
-8965
-2465
7672
6027
-2923
8904
9521
-300
5101
-7275
5555
-4471
5514
-5774
1346
-7794
9639
3538
7857
-6003
7992
929
1549
8100
-889
2745
-5846
-6507
-8341
7380
-6909
-471
-7986
-4556
6489
9315
-822
-7239
-2596
-6846
-9532
9064
-8468
7628
-2983
-7322
-1954
2845
-241
-5738
-1069
6816
9920
-6689
-3877
-3670
547
-6157
-2541
2365
8701
-3674
6083
8570
-9176
-6237
1452
-7789
4156
-4313
8810
-6869
-8056
-2588
6426
-2390
-7274
9768
3975
5713
-7780
7915
4455
9711
-2108
-5013
-8713
9972
-7388
8758
-3935
3394
712
8221
-6546
9513
-7241
7392
2927
-3327
-8095
-7111
-7283
6217
7453
9520
-6341
-1944
3867
-9852
-359
6558
-3421
7950
3777
2707
2678
-4357
8482
2626
-472
6940
30
-6711
2423
-3089
-6381
5062
9886
-9334
-72
-4987
8011
2733
-9061
-6330
-8522
7289
-9353
5456
1890
4477
4524
-618
-5293
-9983
5884
-4696
-2944
-2810
2515
-1033
4082
-633
1762
3219
7795
5575
-6739
-1224
-3100
715
-1864
6556
-5724
-2625
-8688
-7284
-9226
-2591
5072
213
9688
-5642
6245
5363
104
-5644
7887
1878
8040
282
9683
-207
5029
8589
8858
9837
4597
9616
1967
-2060
-6641
-9350
-5022
-8210
-6410
7171
-5747
873
-3630
-3605
-473
6788
-8584
-6501
9566
3056
-9035
5529
5607
-8605
118
-7306
1614
724
-683
-3865
8153
2225
3802
-5968
-481
-5529
9999
-5106
3786
321
-8037
8623
7461
-9198
-647
4017
-2393
3725
-6553
1989
8628
-8037
94
407
-3207
3974
-9835
8183
6835
8185
-5553
7575
-7833
1579
6848
7521
-1815
-2857
3643
-2582
5275
-9462
-5066
-1056
-9701
1074
9487
-5435
1959
7845
-2327
-6671
6102
734
5924
9944
-1842
-2918
-2553
-3565
2758
8377
8709
5839
8201
-7890
-4031
8543
5676
2480
-9848
1561
684
6592
4960
-4469
442
-782
-7402
3777
8683
5666
-5525
6902
6535
-158
4652
1734
4796
5510
3171
-9796
-6769
5880
9930
-7590
-6609
6337
-2453
-5938
-4059
-1308
8707
-995
-4223
-1270
4916
-6264
5485
4020
662
-593
-5309
8350
3098
2678
-3530
-2553
4046
-6314
-7813
-3106
-1867
5320
1814
-8916
-1226
2997
1171
6639
-6753
-8637
-7785
-3112
-6964
1274
-2775
-505
7371
3387
501
-5709
-5598
-7153
2085
-5304
-5377
9405
7622
8047
-7057
-5854
7054
-5739
8109
-6017
5014
9598
6163
-3947
9419
3527
3966
-1571
-3415
821
-4590
8813
5903
4398
-9089
5689
-6945
-2372
4924
4353
627
4756
7097
-6707
-1007
2212
6292
6649
-498
-7260
-200
-4356
9482
4109
604
4335
-5741
9864
-7504
-63
696
7117
9917
2190
-1513
-4709
2111
-7462
-5335
4228
5339
1424
1416
-6009
256
-46
2785
7054
-5398
771
9340
1928
8756
-2789
2226
-2121
-9021
-6106
-6238
-588
-7412
238
-6205
-7866
8345
-8726
9729
4317
-6578
6996
4523
-7524
6637
-9618
-9433
-9703
-3863
1034
8215
12
-8705
3173
-318
4377
-5965
-5333
4767
8036
6013
-6135
1342
7759
-5327
7311
8262
-1801
289
-474
4516
-1186
-9426
-7473
5111
-3399
4428
6359
-2784
-44
-7631
-9098
-952
-4637
6756
8735
-4745
-4472
2414
-6312
-6306
8869
8053
-4340
-654
5517
5510
-7449
2244
-5541
-9351
-2123
-4980
-1627
-8024
1200
3824
9898
-947
-8191
-3331
6927
-1541
696
7054
-1060
-9085
1358
-2702
-855
8211
-1330
2217
-6107
3572
7982
110
9760
5422
-2528
-5474
-3008
-3591
-1854
4763
1997
7940
-3054
7365
-2781
5145
1930
4017
-1960
-4150
3297
2290
-117
-6677
4507
4653
-3899
331
-9426
1454
4606
574
684
-4873
685
6781
-4798
2544
-8927
-4912
3720
9805
-1513
8473
-7984
6413
5194
-6049
-7721
9881
-5297
-2155
-827
-135
-7349
-2739
-1769
-7651
1393
-7499
3780
3155
5423
-3666
-2394
8855
-6704
6959
-6356
7946
3786
5117
7655
4703
3593
-7852
-7990
-6467
3590
4865
-980
7084
-8081
-6724
-1212
-6804
-693
-3511
-1864
-564
7308
-3433
-3079
-1798
69
171
-1588
-1613
2039
-7057
-4296
5413
-6292
7502
7942
5426
8130
9660
4399
-4747
2983
2171
-5486
-7441
6284
5414
3332
9981
-371
1478
-8497
-1261
-1721
3787
-4907
7684
4230
-2619
-7614
-6459
7552
8179
-3387
4614
-947
-3657
-7489
7264
8946
3542
-9435
6176
-8024
1762
4716
-9922
2228
211
-4276
-5323
2109
-2268
4899
8236
-6062
-9982
4140
-2802
-8203
-247
5460
9247
-2660
5747
4153
3213
-6700
2259
9501
-5016
553
3471
7136
-1603
4933
52
-6988
-7139
4847
7475
-9162
8131
6592
-1007
8763
3363
-7981
5167
-1087
-1132
-9345
-5937
3269
-7258
5693
-2946
8325
-8439
-8984
-5082
7663
-9295
722
4922
-9223
-1239
7564
-2023
2412
7515
6132
-6988
-8796
7061
3776
-3233
-7773
-7716
8376
2550
-2187
5062
7194
-435
1315
7318
9694
-9735
5857
8493
-8740
-6948
-7333
-4990
-6219
2046
685
-2857
-6761
7598
-9166
-6801
-5097
-6978
9623
-6476
8748
-2387
2102
3940
6369
-8742
-2461
-7395
7327
-2014
6905
-3784
4965
6750
-353
6572
2564
-7218
2687
-886
8655
-7668
-3066
5895
9618
-2352
-6210
-2484
-2715
5081
-8429
6015
-2222
8746
-577
6875
-9902
2965
21
2154
-9447
-3740
5334
7915
-551
-5370
-6817
9485
5234
8375
-3146
2357
-222
9192
444
5768
8490
8000
957
-3819
984
3553
9574
-7407
-5054
-2474
-3334
837
-5968
-4568
1556
8836
-5584
-1215
5467
-7648
6855
-1668
-3963
-3553
-3492
-8743
-7745
-2914
6749
-8756
-8955
-7384
-7440
6775
3050
9008
-3197
-1189
7535
3346
-8516
-88
-7430
4107
-9133
1837
8978
5956
-358
-9354
-6788
-3659
5209
863
1661
-48
4664
-4722
470
-8583
3464
-4050
-2332
-5343
2151
743
959
3914
8580
-6686
7920
-7920
-891
-8437
-4743
-6338
-8287
6268
-7082
-6432
-8778
-9465
-3794
6491
-4305
4534
1141
6790
9725
-3780
-8450
6564
-5611
3482
-3928
-634
8934
-3599
3368
-2874
-4822
-6152
2867
1365
-7044
4679
9528
-7956
-1682
5714
-9374
-6485
7180
-1111
9353
-6633
7319
-4304
632
7445
-7081
-3122
6357
5948
-4969
-5371
1371
-8876
8934
-4064
-9615
-9853
-1418
9136
-1163
3049
-7561
6607
1823
-8411
-3159
-592
-7429
2140
-9942
2304
7413
-8644
9269
-8646
6624
2067
-2174
4536
-8314
2746
-1224
-241
-5341
6134
3866
8764
2383
-4075
6067
-6477
-8754
4221
2671
7015
3846
-3655
3105
3761
3251
4127
4408
7871
-8599
6232
-1958
-6426
-8626
6868
-6706
-9644
-8118
-8778
2762
-3179
3712
517
5943
-8411
519
-7259
5180
-6070
7449
1740
-4758
-8151
9223
-524
8225
1732
-6336
-3337
3005
2758
3332
3612
-9107
66
-595
5979
8798
2522
-8690
3295
9795
-3085
-8415
-7486
9353
3033
-4599
6738
6787
4617
6975
-9429
9671
7964
7141
-5291
8595
-1149
702
3285
2475
-1715
-5863
-2289
-6409
7294
16
-2317
-9650
7498
9907
2571
-3722
5811
-3379
-3619
-6947
-7452
-1453
3596
-5429
4042
385
5805
-1378
-3364
4621
8946
-8068
102
-3672
6132
2521
-9017
-929
-4906
3240
-4759
-2263
-8524
-444
1547
-8832
2448
-2619
-277
-5176
-6753
-8534
6742
-8019
9607
-6501
-3978
-1707
-2397
8127
-5040
4416
-919
-8691
-344
-4167
-3776
3217
7850
1664
-3742
7611
8788
8429
3578
-7508
-3910
-4363
600
7750
2901
6741
8022
4615
-549
1086
4842
5828
8980
8525
4282
3710
-1925
-3199
1589
-1828
-3265
4844
-2886
-1281
5261
-9970
-154
1701
1005
-7335
9897
-9268
7910
1147
7725
4665
3477
-6315
1997
803
-5747
-5137
963
3216
8207
-2411
4884
-6049
4021
9388
-5552
5362
7736
-3607
8082
-1411
1763
-4405
-7888
-682
2105
-9113
-2051
8439
4909
180
-3603
-6248
-6553
-4891
767
-6481
1922
184
1789
-4606
2439
4819
528
-7793
-7272
-5646
-892
697
7333
-5620
-8957
-2271
-6333
-8126
3002
-7368
-100
763
-6681
7038
-4932
2383
-1399
-1497
-9413
6384
6669
5793
-4036
-5076
-5915
3842
-136
6597
-5571
-9046
6053
9157
-4853
-8203
3340
8677
6198
-7757
-9017
-3871
8149
-4381
-9628
9588
630
3565
-8525
-5205
-9466
3393
-3500
-7701
3628
-360
-5704
-2066
-2165
-317
-4547
185
-6454
188
451
5815
-2365
356
1480
-4598
-9091
-7280
-4039
9236
4784
-4331
-1646
6595
-7219
-3605
-271
-6233
-8530
8373
-6042
-4619
-8244
-840
4373
-7875
-6531
9505
-8908
-2473
-2513
6692
5207
989
-3968
-8539
-2088
9268
-3692
-5010
5906
-4528
2312
2158
1182
-4039
772
765
9194
-20
-3633
-2903
-4830
1017
-2388
-3044
-5813
2364
-8627
4752
-6040
5599
7218
8845
-4764
-1407
-8726
-1073
-8457
142
-5697
9790
4746
-1838
-1761
-133
-1045
2598
5035
5315
-4610
-7340
-7601
-1552
-9147
-9746
1182
-2251
-6270
2790
-8925
-1109
-2550
-8470
1129
-7941
-6679
-6143
-8283
-3283
9448
1896
4800
7145
924
7490
-3640
-7312
4173
677
7733
7806
821
8937
1811
-6572
-5037
8627
-8219
8139
-9494
7436
3271
6116
706
-910
-8641
-3014
5934
460
-8107
-1447
-7895
-7278
1846
-4227
-1343
6483
-7755
3563
1045
-5244
-6450
3914
-2861
5626
-3727
-1372
-9533
-3250
688
-5735
-8773
-1911
9884
-9116
-1142
3747
1264
5552
2549
8992
1711
670
2188
617
-8126
-6284
-2197
-7738
2877
-4988
8293
-3823
-527
1314
-6709
-5225
1994
3246
6541
8070
-1679
9541
-9039
846
-6057
-207
4067
5443
-3501
-2868
1603
-2815
-6991
-8267
6029
-7813
9273
8995
-3637
-3863
-1831
2882
9641
8140
-3469
3159
-2551
-7183
5861
-7402
6578
-1649
-2455
-7617
1218
-375
6777
-7562
3935
-7926
-146
9418
-7783
-9844
6552
7011
3
1321
-9461
9713
-2588
1831
3193
-4913
-7557
-9976
-1607
-2553
-5469
1596
799
-9255
-5862
4783
-435
1858
-3003
-5170
1993
-1525
-7580
6188
4050
7596
-2140
770
7453
6674
-4550
-7288
5057
-1971
-254
-9198
5083
3485
-7373
-6281
-9727
-4443
-447
8430
-606
-5294
-3607
-5430
-9515
-6046
9784
3906
-9893
6762
-1683
-7519
-1486
1151
2794
-3429
-5137
-271
-9808
-8067
-2721
-6112
-4976
7920
-1734
-7384
4267
5327
-5583
-3951
-8274
-7499
1526
7876
4090
4402
-2350
6448
-3055
-1861
-9400
5923
7818
8736
8581
1451
5597
-6204
8585
-8712
4611
-8262
-8128
-2285
4580
279
2935
-5788
7270
-6560
3830
6674
-7917
-2432
-6907
5096
743
-6304
-1797
-7996
-2972
5328
-349
7654
6480
-9882
-1778
5029
8575
6596
241
-3802
-9198
3497
6274
-3011
-379
-2263
4621
-6595
1232
-512
-8008
9601
-9065
7052
7252
-4539
-5789
-5644
-2101
-9733
3235
1054
-2321
7256
7367
9968
-9530
4675
7858
6444
-5819
5772
6087
-1063
9230
2964
-233
2670
-9127
5427
2935
1140
-5548
1902
9072
7187
-5632
1471
8095
2235
-3387
3566
-9665
5313
-7705
6373
4823
6279
-644
-7150
-60
-7199
4991
2094
-7829
-815
4087
-9575
9567
4794
8581
728
-4608
-8237
3912
-5327
6465
6354
-7331
8264
2418
-2649
9003
-9553
-4699
-8041
-4519
-2806
-8161
-7265
8353
-1427
-1805
4959
1855
5059
3005
-4314
-375
-8254
-2063
7175
-6281
6830
-5328
-1969
1829
8202
3307
6649
-2233
-9602
-9093
-616
-1586
-9288
-5864
-5512
6203
1765
8490
-1597
1098
7215
904
-4180
6472
-8410
2412
2568
2099